ESPG_X,ESPG_Y,ESPG_Z
-0.2366802 -5.344981 3.091604
-0.2366802 -5.339417 3.091604
-0.2366802 -5.333853 3.091604
-0.2366787 -5.328489 3.089266
-0.2366787 -5.322926 3.089266
-0.2366787 -5.317362 3.089266
-0.2366787 -5.311798 3.089266
-0.2366802 -5.306034 3.091604
-0.2366787 -5.30067 3.089266
-0.2366787 -5.295105 3.089264
-0.2366802 -5.289341 3.091604
-0.2366802 -5.283777 3.091604
-0.2366802 -5.278214 3.091604
-0.2366787 -5.27285 3.089264
-0.2366802 -5.267086 3.091604
-0.2366802 -5.261522 3.091604
-0.2366802 -5.255957 3.091604
-0.2366802 -5.250393 3.091604
-0.2366802 -5.244829 3.091604
-0.2366802 -5.239265 3.091604
-0.2366802 -5.233701 3.091604
-0.2366802 -5.228137 3.091604
-0.2366802 -5.222573 3.091604
-0.2366802 -5.21701 3.091604
-0.2366802 -5.211446 3.091604
-0.2366787 -5.206081 3.089264
-0.2366787 -5.200517 3.089264
-0.2366787 -5.194953 3.089264
-0.2366802 -5.189189 3.091604
-0.2366802 -5.183625 3.091604
-0.2366817 -5.177861 3.093943
-0.2366802 -5.172498 3.091604
-0.2366802 -5.166933 3.091604
-0.2366802 -5.161369 3.091604
-0.2366802 -5.155806 3.091604
-0.2366802 -5.150241 3.091604
-0.2366802 -5.144677 3.091604
-0.2366802 -5.139114 3.091604
-0.2366802 -5.13355 3.091604
-0.2366802 -5.127985 3.091604
-0.2366772 -5.122821 3.086926
-0.2366787 -5.117057 3.089264
-0.2366802 -5.111293 3.091604
-0.2366802 -5.105729 3.091604
-0.2366802 -5.100166 3.091604
-0.2366802 -5.094602 3.091604
-0.2366802 -5.089038 3.091604
-0.2366802 -5.083473 3.091604
-0.2366802 -5.077909 3.091604
-0.2366802 -5.072345 3.091604
-0.2366802 -5.066781 3.091604
-0.2366817 -5.061018 3.093943
-0.2366802 -5.055654 3.091604
-0.2366787 -5.05029 3.089264
-0.2366802 -5.044525 3.091604
-0.2366802 -5.038961 3.091604
-0.2366787 -5.033597 3.089264
-0.2366787 -5.028033 3.089264
-0.2366787 -5.02247 3.089264
-0.2366802 -5.016706 3.091604
-0.2366817 -5.010942 3.093943
-0.2366802 -5.005578 3.091604
-0.2366787 -5.000214 3.089264
-0.2366787 -4.994649 3.089264
-0.2366802 -4.988886 3.091604
-0.2366802 -4.983322 3.091604
-0.2366787 -4.977957 3.089264
-0.2366787 -4.972394 3.089264
-0.2366787 -4.966829 3.089264
-0.2366787 -4.961266 3.089264
-0.2366802 -4.955501 3.091604
-0.2366787 -4.950138 3.089264
-0.2366787 -4.944573 3.089264
-0.2366802 -4.938809 3.091604
-0.2366802 -4.933245 3.091604
-0.2366787 -4.927881 3.089264
-0.2366802 -4.922117 3.091604
-0.2366817 -4.916353 3.093943
-0.2366802 -4.910989 3.0916
-0.2366802 -4.905426 3.0916
-0.2366787 -4.900062 3.089264
-0.2366802 -4.894297 3.0916
-0.2366802 -4.888734 3.0916
-0.2366802 -4.883169 3.0916
-0.2366787 -4.877805 3.089264
-0.2366817 -4.871841 3.093943
-0.2366817 -4.866277 3.093943
-0.2366802 -4.860913 3.0916
-0.2366802 -4.855349 3.0916
-0.2366802 -4.849786 3.0916
-0.2366817 -4.844021 3.093943
-0.2366802 -4.838657 3.0916
-0.2366802 -4.833094 3.0916
-0.2366802 -4.827529 3.0916
-0.2366802 -4.821965 3.0916
-0.2366802 -4.816402 3.0916
-0.2366817 -4.810638 3.093943
-0.2366802 -4.805274 3.0916
-0.2366802 -4.799709 3.0916
-0.2366802 -4.794145 3.0916
-0.2366772 -4.788982 3.086926
-0.2366787 -4.783218 3.089264
-0.2366802 -4.777454 3.0916
-0.2366802 -4.77189 3.0916
-0.2366787 -4.766525 3.089264
-0.2366802 -4.760761 3.0916
-0.2366802 -4.755198 3.0916
-0.2366787 -4.749834 3.089264
-0.2366787 -4.74427 3.089264
-0.2366802 -4.738506 3.0916
-0.2366802 -4.732942 3.0916
-0.2366802 -4.727378 3.0916
-0.2366802 -4.721813 3.0916
-0.2366802 -4.716249 3.0916
-0.2366802 -4.710686 3.0916
-0.2366787 -4.705322 3.089264
-0.2366802 -4.699558 3.0916
-0.2366802 -4.693994 3.0916
-0.2366802 -4.688429 3.0916
-0.2366802 -4.682865 3.0916
-0.2366802 -4.677301 3.0916
-0.2366787 -4.671937 3.089264
-0.2366802 -4.666173 3.0916
-0.2366787 -4.66081 3.089264
-0.2366787 -4.655245 3.089264
-0.2366802 -4.649482 3.0916
-0.2366787 -4.644117 3.089264
-0.2366787 -4.638554 3.089264
-0.2366787 -4.632989 3.089264
-0.2366802 -4.627225 3.0916
-0.2366802 -4.621662 3.0916
-0.2366802 -4.616097 3.0916
-0.2366802 -4.610534 3.0916
-0.2366802 -4.60497 3.0916
-0.2366802 -4.599406 3.0916
-0.2366802 -4.593842 3.0916
-0.2366802 -4.588278 3.0916
-0.2366802 -4.582714 3.0916
-0.2366802 -4.577149 3.0916
-0.2366802 -4.571586 3.0916
-0.2366802 -4.566021 3.0916
-0.2366772 -4.560858 3.086926
-0.2366772 -4.555294 3.086926
-0.2366817 -4.549129 3.093939
-0.2366817 -4.543565 3.093939
-0.2366802 -4.538201 3.0916
-0.2366802 -4.532638 3.0916
-0.2366787 -4.527275 3.089264
-0.2366802 -4.521509 3.0916
-0.2366817 -4.515746 3.093939
-0.2366802 -4.510382 3.0916
-0.2366787 -4.505017 3.089264
-0.2366802 -4.499254 3.0916
-0.2366802 -4.49369 3.0916
-0.2366802 -4.488126 3.0916
-0.2366802 -4.482561 3.0916
-0.2366802 -4.476998 3.0916
-0.2366802 -4.471434 3.0916
-0.2366802 -4.465869 3.0916
-0.2366802 -4.460306 3.0916
-0.2366802 -4.454742 3.0916
-0.2366802 -4.449178 3.0916
-0.2366802 -4.443613 3.0916
-0.2366817 -4.43785 3.093939
-0.2366802 -4.432486 3.0916
-0.2366802 -4.426922 3.0916
-0.2366802 -4.421358 3.0916
-0.2366802 -4.415794 3.0916
-0.2366802 -4.41023 3.0916
-0.2366802 -4.404665 3.0916
-0.2366787 -4.399302 3.089264
-0.2366802 -4.393538 3.0916
-0.2366802 -4.387974 3.0916
-0.2366802 -4.382409 3.0916
-0.2366802 -4.376846 3.0916
-0.2366802 -4.371282 3.0916
-0.2366802 -4.365717 3.0916
-0.2366802 -4.360154 3.0916
-0.2366802 -4.35459 3.0916
-0.2366787 -4.349226 3.089264
-0.2366802 -4.343461 3.0916
-0.2366802 -4.337898 3.0916
-0.2366802 -4.332334 3.0916
-0.2366802 -4.32677 3.0916
-0.2366802 -4.321206 3.0916
-0.2366802 -4.315642 3.0916
-0.2366802 -4.310078 3.0916
-0.2366802 -4.304513 3.0916
-0.2366802 -4.29895 3.0916
-0.2366802 -4.293386 3.0916
-0.2366787 -4.288022 3.089264
-0.2366787 -4.282458 3.089264
-0.2366817 -4.276494 3.093939
-0.2366817 -4.270929 3.093939
-0.2366802 -4.265566 3.0916
-0.2366787 -4.260202 3.089264
-0.2366817 -4.254238 3.093939
-0.2366802 -4.248874 3.0916
-0.2366802 -4.24331 3.0916
-0.2366802 -4.237745 3.0916
-0.2366802 -4.232182 3.0916
-0.2366802 -4.226618 3.0916
-0.2366802 -4.221054 3.0916
-0.2366802 -4.21549 3.0916
-0.2366802 -4.209926 3.0916
-0.2366802 -4.204362 3.0916
-0.2366802 -4.198797 3.0916
-0.2366802 -4.193234 3.0916
-0.2366802 -4.18767 3.0916
-0.2366802 -4.182106 3.0916
-0.2366802 -4.176542 3.0916
-0.2366802 -4.170978 3.0916
-0.2366817 -4.165214 3.093939
-0.2366817 -4.15965 3.093939
-0.2366802 -4.154286 3.0916
-0.2366802 -4.148722 3.0916
-0.2366802 -4.143157 3.0916
-0.2366802 -4.137594 3.0916
-0.2366802 -4.13203 3.0916
-0.2366802 -4.126466 3.0916
-0.2366802 -4.120903 3.0916
-0.2366802 -4.115338 3.0916
-0.2366787 -4.109974 3.089264
-0.2366787 -4.10441 3.089264
-0.2366787 -4.098846 3.089264
-0.2366787 -4.093282 3.089264
-0.2366802 -4.087518 3.0916
-0.2366787 -4.082154 3.089264
-0.2366802 -4.07639 3.0916
-0.2366817 -4.070625 3.093939
-0.2366802 -4.065262 3.0916
-0.2366802 -4.059698 3.0916
-0.2366802 -4.054134 3.0916
-0.2366802 -4.04857 3.0916
-0.2366802 -4.043005 3.0916
-0.2366802 -4.037442 3.0916
-0.2366802 -4.031878 3.0916
-0.2366802 -4.026314 3.0916
-0.2366802 -4.02075 3.0916
-0.2366802 -4.015186 3.0916
-0.2366817 -4.009422 3.093939
-0.2366787 -4.004258 3.08926
-0.2366817 -3.998293 3.093939
-0.2366817 -3.99273 3.093939
-0.2366817 -3.987166 3.093939
-0.2366817 -3.981602 3.093939
-0.2366817 -3.976038 3.093939
-0.2366817 -3.970474 3.093939
-0.2366817 -3.964909 3.093939
-0.2366802 -3.959546 3.0916
-0.2366802 -3.953982 3.0916
-0.2366802 -3.948418 3.0916
-0.2366802 -3.942854 3.0916
-0.2366817 -3.93709 3.093939
-0.2366817 -3.931526 3.093939
-0.2366802 -3.926162 3.0916
-0.2366802 -3.920598 3.0916
-0.2366802 -3.915034 3.0916
-0.2366817 -3.909269 3.093939
-0.2366802 -3.903906 3.0916
-0.2366772 -3.898742 3.086924
-0.2366802 -3.892778 3.0916
-0.2366817 -3.887014 3.093939
-0.2366802 -3.88165 3.0916
-0.2366802 -3.876086 3.0916
-0.2366817 -3.870322 3.093939
-0.2366817 -3.864758 3.093939
-0.2366802 -3.859394 3.0916
-0.2366817 -3.85363 3.093939
-0.2366817 -3.848066 3.093939
-0.2366802 -3.842702 3.0916
-0.2366802 -3.837138 3.0916
-0.2366817 -3.831374 3.093939
-0.2366817 -3.82581 3.093939
-0.2366802 -3.820446 3.0916
-0.2366802 -3.814882 3.0916
-0.2366802 -3.809318 3.0916
-0.2366802 -3.803754 3.0916
-0.2366802 -3.79819 3.0916
-0.2366802 -3.792626 3.0916
-0.2366817 -3.786862 3.093939
-0.2366817 -3.781298 3.093939
-0.2366817 -3.775734 3.093939
-0.2366802 -3.77037 3.0916
-0.2366802 -3.764806 3.0916
-0.2366817 -3.759042 3.093939
-0.2366817 -3.753478 3.093939
-0.2366817 -3.747914 3.093939
-0.2366817 -3.742349 3.093939
-0.2366802 -3.736986 3.091599
-0.2366817 -3.731222 3.093939
-0.2366802 -3.725857 3.091599
-0.2366802 -3.720294 3.091599
-0.2366802 -3.71473 3.091599
-0.2366802 -3.709166 3.091599
-0.2366802 -3.703602 3.091599
-0.2366802 -3.698038 3.091599
-0.2366817 -3.692274 3.093939
-0.2366802 -3.686909 3.091599
-0.2366802 -3.681346 3.091599
-0.2366802 -3.675782 3.091599
-0.2366802 -3.670218 3.091599
-0.2366802 -3.664654 3.091599
-0.2366802 -3.65909 3.091599
-0.2366772 -3.653908 3.086924
-0.2366802 -3.647962 3.091599
-0.2366802 -3.642398 3.091599
-0.2366802 -3.636834 3.091599
-0.2366802 -3.63127 3.091599
-0.2366802 -3.625706 3.091599
-0.2366802 -3.620142 3.091599
-0.2366802 -3.614578 3.091599
-0.2366817 -3.608814 3.093939
-0.2366817 -3.603249 3.093939
-0.2366802 -3.597886 3.091599
-0.2366802 -3.592323 3.091599
-0.2366817 -3.586558 3.093939
-0.2366817 -3.580994 3.093939
-0.2366817 -3.57543 3.093939
-0.2366802 -3.570066 3.091599
-0.2366802 -3.564502 3.091599
-0.2366817 -3.558738 3.093939
-0.2366817 -3.553174 3.093939
-0.2366817 -3.54761 3.093939
-0.2366817 -3.542046 3.093939
-0.2366817 -3.536482 3.093939
-0.2366817 -3.530918 3.093939
-0.2366802 -3.525554 3.091599
-0.2366802 -3.51999 3.091599
-0.2366817 -3.514226 3.093939
-0.2366817 -3.508662 3.093939
-0.2366802 -3.503298 3.091599
-0.2366802 -3.497734 3.091599
-0.2366802 -3.49217 3.091599
-0.2366802 -3.486606 3.091599
-0.2366817 -3.480842 3.093939
-0.2366817 -3.475278 3.093939
-0.2366817 -3.469714 3.093939
-0.2366802 -3.46435 3.091599
-0.2366802 -3.458786 3.091599
-0.2366802 -3.453222 3.091599
-0.2366817 -3.447458 3.093939
-0.2366817 -3.441894 3.093939
-0.2366802 -3.43653 3.091599
-0.2366802 -3.430966 3.091599
-0.2366817 -3.425202 3.093939
-0.2366817 -3.419638 3.093939
-0.2366802 -3.414274 3.091599
-0.2366802 -3.40871 3.091599
-0.2366802 -3.403147 3.091599
-0.2366817 -3.397382 3.093939
-0.2366817 -3.391818 3.093939
-0.2366817 -3.386254 3.093939
-0.2366802 -3.38089 3.091599
-0.2366817 -3.375126 3.093939
-0.2366817 -3.369562 3.093939
-0.2366802 -3.364198 3.091599
-0.2366817 -3.358433 3.093939
-0.2366817 -3.35287 3.093935
-0.2366817 -3.347306 3.093935
-0.2366817 -3.341742 3.093935
-0.2366802 -3.336378 3.091599
-0.2366802 -3.330814 3.091599
-0.2366817 -3.32505 3.093935
-0.2366802 -3.319686 3.091599
-0.2366802 -3.314122 3.091599
-0.2366802 -3.308559 3.091599
-0.2366802 -3.302994 3.091599
-0.2366817 -3.29723 3.093935
-0.2366802 -3.291866 3.091599
-0.2366802 -3.286302 3.091599
-0.2366802 -3.280738 3.091599
-0.2366802 -3.275174 3.091599
-0.2366802 -3.269611 3.091599
-0.2366802 -3.264046 3.091599
-0.2366802 -3.258482 3.091599
-0.2366802 -3.252918 3.091599
-0.2366817 -3.247155 3.093935
-0.2366817 -3.241589 3.093935
-0.2366802 -3.236226 3.091599
-0.2366802 -3.230663 3.091599
-0.2366802 -3.225098 3.091599
-0.2366802 -3.219534 3.091599
-0.2366802 -3.21397 3.091599
-0.2366802 -3.208406 3.091599
-0.2366802 -3.202842 3.091599
-0.2366802 -3.197278 3.091599
-0.2366802 -3.191714 3.091599
-0.2366802 -3.18615 3.091599
-0.2366817 -3.180386 3.093935
-0.2366802 -3.175022 3.091599
-0.2366787 -3.169659 3.08926
-0.2366802 -3.163894 3.091599
-0.2366802 -3.15833 3.091599
-0.2366802 -3.152766 3.091599
-0.2366802 -3.147202 3.091599
-0.2366802 -3.141639 3.091599
-0.2366802 -3.136074 3.091599
-0.2366802 -3.13051 3.091599
-0.2366802 -3.124946 3.091599
-0.2366802 -3.119382 3.091599
-0.2366802 -3.113818 3.091599
-0.2366802 -3.108254 3.091599
-0.2366802 -3.10269 3.091599
-0.2366802 -3.097126 3.091599
-0.2366802 -3.091563 3.091599
-0.2366802 -3.085998 3.091599
-0.2366802 -3.080435 3.091599
-0.2366802 -3.07487 3.091599
-0.2366802 -3.069306 3.091599
-0.2366802 -3.063742 3.091599
-0.2366802 -3.058178 3.091599
-0.2366802 -3.052614 3.091599
-0.2366802 -3.04705 3.091599
-0.2366802 -3.041487 3.091599
-0.2366802 -3.035922 3.091599
-0.2366802 -3.030359 3.091599
-0.2366817 -3.024594 3.093935
-0.2366802 -3.01923 3.091599
-0.2366802 -3.013666 3.091599
-0.2366802 -3.008102 3.091599
-0.2366802 -3.002538 3.091599
-0.2366802 -2.996974 3.091599
-0.2366802 -2.99141 3.091599
-0.2366802 -2.985846 3.091599
-0.2366802 -2.980282 3.091599
-0.2366802 -2.974718 3.091599
-0.2366802 -2.969155 3.091599
-0.2366802 -2.96359 3.091599
-0.2366802 -2.958026 3.091599
-0.2366802 -2.952462 3.091599
-0.2366802 -2.946898 3.091599
-0.2366802 -2.941334 3.091599
-0.2366802 -2.93577 3.091599
-0.2366802 -2.930207 3.091599
-0.2366802 -2.924642 3.091599
-0.2366802 -2.919078 3.091599
-0.2366802 -2.913514 3.091599
-0.2366802 -2.907951 3.091599
-0.2366802 -2.902386 3.091599
-0.2366802 -2.896822 3.091599
-0.2366802 -2.891258 3.091599
-0.2366802 -2.885695 3.091599
-0.2366802 -2.88013 3.091599
-0.2366802 -2.874566 3.091599
-0.2366802 -2.869002 3.091599
-0.2366802 -2.863438 3.091599
-0.2366802 -2.857874 3.091599
-0.2366802 -2.85231 3.091599
-0.2366802 -2.846747 3.091599
-0.2366802 -2.841182 3.091599
-0.2366802 -2.835618 3.091599
-0.2366802 -2.830054 3.091599
-0.2366802 -2.82449 3.091599
-0.2366802 -2.818927 3.091599
-0.2366802 -2.813363 3.091599
-0.2366802 -2.807799 3.091599
-0.2366802 -2.802234 3.091599
-0.2366802 -2.79667 3.091599
-0.2366802 -2.791106 3.091599
-0.2366802 -2.785543 3.091599
-0.2366802 -2.779979 3.091599
-0.2366802 -2.774414 3.091599
-0.2366802 -2.768851 3.091599
-0.2366802 -2.763286 3.091599
-0.2366802 -2.757723 3.091599
-0.2366802 -2.752158 3.091599
-0.2366756 -2.747024 3.084576
-0.2366802 -2.74103 3.091599
-0.2366802 -2.735466 3.091599
-0.2366802 -2.729902 3.091599
-0.2366802 -2.724338 3.091599
-0.2366802 -2.718775 3.091599
-0.2366802 -2.71321 3.091599
-0.2366802 -2.707647 3.091599
-0.2366802 -2.702082 3.091599
-0.2366802 -2.696519 3.091599
-0.2366787 -2.69112 3.089258
-0.2366787 -2.685556 3.089258
-0.2366802 -2.679826 3.091599
-0.2366787 -2.674426 3.089258
-0.2366802 -2.668698 3.091599
-0.2366802 -2.663135 3.091599
-0.2366802 -2.657571 3.091599
-0.2366802 -2.652006 3.091599
-0.2366787 -2.646604 3.089258
-0.2366802 -2.640878 3.091599
-0.2366802 -2.635315 3.091599
-0.2366787 -2.629911 3.089258
-0.2366787 -2.624346 3.089258
-0.2366787 -2.618781 3.089258
-0.2366787 -2.613217 3.089258
-0.2366802 -2.607495 3.091599
-0.2366787 -2.602088 3.089258
-0.2366787 -2.596523 3.089258
-0.2366802 -2.590802 3.091599
-0.2366802 -2.585239 3.091599
-0.2366787 -2.579831 3.089258
-0.2366802 -2.574111 3.091599
-0.2366802 -2.568547 3.091599
-0.2366802 -2.562982 3.091599
-0.2366802 -2.557419 3.091599
-0.2366802 -2.551855 3.091599
-0.2366787 -2.546443 3.089258
-0.2366802 -2.540726 3.091599
-0.2366802 -2.535163 3.091599
-0.2366787 -2.52975 3.089258
-0.2366787 -2.524185 3.089258
-0.2366756 -2.518879 3.084576
-0.2366787 -2.513056 3.089258
-0.2366787 -2.507492 3.089258
-0.2366787 -2.501927 3.089258
-0.2366787 -2.496362 3.089258
-0.2366787 -2.490798 3.089258
-0.2366787 -2.485234 3.089258
-0.2366787 -2.479669 3.089258
-0.2366787 -2.474105 3.089258
-0.2366787 -2.46854 3.089258
-0.2366787 -2.462976 3.089258
-0.2366787 -2.457411 3.089258
-0.2366787 -2.451846 3.089258
-0.2366787 -2.446283 3.089258
-0.2366787 -2.440718 3.089258
-0.2366787 -2.435153 3.089258
-0.2366787 -2.429589 3.089258
-0.2366787 -2.424024 3.089258
-0.2366787 -2.41846 3.089258
-0.2366787 -2.412895 3.089258
-0.2366787 -2.407331 3.089258
-0.2366787 -2.401766 3.089258
-0.2366787 -2.396201 3.089258
-0.2366787 -2.390637 3.089258
-0.2366787 -2.385073 3.089258
-0.2366787 -2.379508 3.089258
-0.2366787 -2.373944 3.089254
-0.2366787 -2.368379 3.089254
-0.2366787 -2.362815 3.089254
-0.2366787 -2.35725 3.089254
-0.2366787 -2.351686 3.089254
-0.2366787 -2.346122 3.089254
-0.2366787 -2.340557 3.089254
-0.2366787 -2.334992 3.089254
-0.2366787 -2.329428 3.089254
-0.2366787 -2.323863 3.089254
-0.2366756 -2.318558 3.084574
-0.2366787 -2.312734 3.089254
-0.2366787 -2.30717 3.089254
-0.2366787 -2.301606 3.089254
-0.2366756 -2.296299 3.084574
-0.2366787 -2.290477 3.089254
-0.2366787 -2.284912 3.089254
-0.2366787 -2.279347 3.089254
-0.2366787 -2.273783 3.089254
-0.2366787 -2.268218 3.089254
-0.2366787 -2.262654 3.089254
-0.2366787 -2.257089 3.089254
-0.2366787 -2.251525 3.089254
-0.2366787 -2.245961 3.089254
-0.2366787 -2.240396 3.089254
-0.2366787 -2.234831 3.089254
-0.2366787 -2.229267 3.089254
-0.2366787 -2.223702 3.089254
-0.2366787 -2.218138 3.089254
-0.2366787 -2.212573 3.089254
-0.2366787 -2.207009 3.089254
-0.2366787 -2.201444 3.089254
-0.2366787 -2.19588 3.089254
-0.2366787 -2.190316 3.089254
-0.2366787 -2.184751 3.089254
-0.2366787 -2.179186 3.089254
-0.2366787 -2.173621 3.089254
-0.2366787 -2.168057 3.089254
-0.2366787 -2.162493 3.089254
-0.2366787 -2.156929 3.089254
-0.2366756 -2.151745 3.082235
-0.2366787 -2.145799 3.089254
-0.2366787 -2.140235 3.089254
-0.2366787 -2.13467 3.089254
-0.2366787 -2.129106 3.089254
-0.2366787 -2.123542 3.089254
-0.2366787 -2.117977 3.089254
-0.2366787 -2.112412 3.089254
-0.2366787 -2.106848 3.089254
-0.2366787 -2.101283 3.089254
-0.2366772 -2.095848 3.086914
-0.2366772 -2.090284 3.086914
-0.2366772 -2.084719 3.086914
-0.2366787 -2.079025 3.089254
-0.2366772 -2.07359 3.086914
-0.2366787 -2.067897 3.089254
-0.2366787 -2.062332 3.089254
-0.2366772 -2.056897 3.086914
-0.2366772 -2.051332 3.086914
-0.2366772 -2.045768 3.086914
-0.2366787 -2.040074 3.089254
-0.2366787 -2.034509 3.089254
-0.2366772 -2.029074 3.086914
-0.2366787 -2.023381 3.089254
-0.2366787 -2.017816 3.089254
-0.2366787 -2.012252 3.089254
-0.2366756 -2.006946 3.084574
-0.2366772 -2.001252 3.086914
-0.2366772 -1.995687 3.086914
-0.2366772 -1.990123 3.086914
-0.2366787 -1.984429 3.089254
-0.2366787 -1.978864 3.089254
-0.2366787 -1.9733 3.089254
-0.2366787 -1.968233 3.079897
-0.2366772 -1.962301 3.086914
-0.2366772 -1.956736 3.086914
-0.2366787 -1.951042 3.089254
-0.2366772 -1.945607 3.086914
-0.2366772 -1.940042 3.086914
-0.2366787 -1.934349 3.089254
-0.2366772 -1.928913 3.086914
-0.2366772 -1.923349 3.086914
-0.2366772 -1.917784 3.086914
-0.2366787 -1.91209 3.089254
-0.2366772 -1.906655 3.086914
-0.2366772 -1.901091 3.086914
-0.2366772 -1.895527 3.086914
-0.2366772 -1.889962 3.086914
-0.2366772 -1.884397 3.086914
-0.2366772 -1.878832 3.086914
-0.2366772 -1.873268 3.086914
-0.2366772 -1.867704 3.086914
-0.2366772 -1.862139 3.086914
-0.2366772 -1.856575 3.086914
-0.2366772 -1.85101 3.086914
-0.2366772 -1.845446 3.086914
-0.2366787 -1.839752 3.089254
-0.2366787 -1.834188 3.089254
-0.2366787 -1.828623 3.089254
-0.2366772 -1.823188 3.086914
-0.2366772 -1.817623 3.086914
-0.2366772 -1.812058 3.086914
-0.2366772 -1.806494 3.08691
-0.2366772 -1.80093 3.086914
-0.2366772 -1.795365 3.086914
-0.2366772 -1.789801 3.08691
-0.2366772 -1.784237 3.086914
-0.2366772 -1.778672 3.08691
-0.2366772 -1.773107 3.08691
-0.2366787 -1.767413 3.089251
-0.2366787 -1.761849 3.089251
-0.2366772 -1.756414 3.08691
-0.2366772 -1.750849 3.08691
-0.2366772 -1.745285 3.08691
-0.2366787 -1.739591 3.089251
-0.2366787 -1.734027 3.089251
-0.2366772 -1.728591 3.08691
-0.2366772 -1.723027 3.08691
-0.2366772 -1.717463 3.08691
-0.2366772 -1.711897 3.08691
-0.2366772 -1.706333 3.08691
-0.2366772 -1.700769 3.08691
-0.2366772 -1.695204 3.08691
-0.2366772 -1.68964 3.08691
-0.2366772 -1.684075 3.08691
-0.2366787 -1.678382 3.089251
-0.2366772 -1.672947 3.08691
-0.2366787 -1.667253 3.089251
-0.2366772 -1.661817 3.08691
-0.2366772 -1.656253 3.08691
-0.2366772 -1.650688 3.08691
-0.2366772 -1.645124 3.08691
-0.2366772 -1.63956 3.08691
-0.2366772 -1.633995 3.08691
-0.2366772 -1.62843 3.08691
-0.2366772 -1.622866 3.08691
-0.2366772 -1.617302 3.08691
-0.2366772 -1.611737 3.08691
-0.2366772 -1.606172 3.08691
-0.2366772 -1.600608 3.08691
-0.2366772 -1.595043 3.08691
-0.2366772 -1.589479 3.08691
-0.2366772 -1.583915 3.08691
-0.2366772 -1.57835 3.08691
-0.2366772 -1.572786 3.08691
-0.2366772 -1.567221 3.08691
-0.2366772 -1.561657 3.08691
-0.2366787 -1.55646 3.079895
-0.2366772 -1.550527 3.08691
-0.2366772 -1.544963 3.08691
-0.2366772 -1.539399 3.08691
-0.2366772 -1.533834 3.08691
-0.2366787 -1.528638 3.079895
-0.2366772 -1.522705 3.08691
-0.2366772 -1.51714 3.08691
-0.2366772 -1.511577 3.08691
-0.2366787 -1.50638 3.079895
-0.2366772 -1.500447 3.08691
-0.2366772 -1.494882 3.08691
-0.2366772 -1.489318 3.08691
-0.2366772 -1.483753 3.08691
-0.2366772 -1.478189 3.08691
-0.2366772 -1.472625 3.08691
-0.2366772 -1.46706 3.08691
-0.2366772 -1.461495 3.08691
-0.2366772 -1.455931 3.08691
-0.2366772 -1.450366 3.08691
-0.2366772 -1.444802 3.08691
-0.2366772 -1.439237 3.08691
-0.2366772 -1.433673 3.08691
-0.2366772 -1.428109 3.08691
-0.2366772 -1.422544 3.08691
-0.2366772 -1.41698 3.08691
-0.2366772 -1.411415 3.08691
-0.2366756 -1.40598 3.08457
-0.2366756 -1.400415 3.08457
-0.2366772 -1.394721 3.08691
-0.2366772 -1.389157 3.08691
-0.2366772 -1.383593 3.08691
-0.2366772 -1.378028 3.08691
-0.2366756 -1.372593 3.08457
-0.2366772 -1.366899 3.08691
-0.2366772 -1.361335 3.08691
-0.2366772 -1.35577 3.08691
-0.2366772 -1.350205 3.08691
-0.2366772 -1.344641 3.08691
-0.2366772 -1.339076 3.08691
-0.2366772 -1.333512 3.08691
-0.2366772 -1.327947 3.08691
-0.2366772 -1.322383 3.08691
-0.2366772 -1.316818 3.08691
-0.2366772 -1.311254 3.08691
-0.2366772 -1.30569 3.08691
-0.2366772 -1.300125 3.08691
-0.2366772 -1.294561 3.08691
-0.2366772 -1.288996 3.08691
-0.2366772 -1.283432 3.08691
-0.2366772 -1.277867 3.08691
-0.2366756 -1.272432 3.08457
-0.2366756 -1.266867 3.08457
-0.2366772 -1.261174 3.08691
-0.2366772 -1.255609 3.08691
-0.2366772 -1.250045 3.08691
-0.2366772 -1.24448 3.08691
-0.2366772 -1.238915 3.08691
-0.2366756 -1.23348 3.08457
-0.2366756 -1.227916 3.08457
-0.2366756 -1.222351 3.08457
-0.2366756 -1.216787 3.08457
-0.2366756 -1.211223 3.08457
-0.2366756 -1.205658 3.08457
-0.2366756 -1.200094 3.08457
-0.2366756 -1.194529 3.08457
-0.2366756 -1.188965 3.084566
-0.2366756 -1.1834 3.084566
-0.236694 -1.177596 3.068243
-0.2367519 -1.172774 3.047323
-0.2368327 -1.168391 3.028795
-0.2369534 -1.164397 3.008102
-0.2370876 -1.158604 2.989832
-0.2372218 -1.15281 2.971558
-0.2373409 -1.14818 2.955347
-0.2374599 -1.142576 2.932724
-0.237524 -1.135863 2.910187
-0.2374722 -1.126017 2.889917
-0.2373654 -1.120165 2.880905
-0.2369198 -1.114518 2.860781
-0.2362972 -1.108186 2.847513
-0.2346096 -1.103095 2.825251
-0.2346096 -1.097529 2.825251
-0.2328212 -1.091898 2.810268
-0.2325618 -1.08631 2.808123
-0.2323009 -1.080722 2.805979
-0.2284817 -1.076218 2.784197
-0.2250484 -1.074361 2.768814
-0.2190533 -1.070299 2.747705
-0.2136608 -1.064523 2.731518
-0.2088925 -1.059366 2.719194
-0.2001781 -1.053343 2.699215
-0.2011287 -1.04784 2.701189
-0.194096 -1.042874 2.687094
-0.1850399 -1.039124 2.670773
-0.1739712 -1.034238 2.652712
-0.1637707 -1.029594 2.63792
-0.1540401 -1.02758 2.625006
-0.1581799 -1.020672 2.630356
-0.1472836 -1.016219 2.616467
-0.1370373 -1.009873 2.60461
-0.1259457 -1.00359 2.592669
-0.1132991 -0.9935255 2.580002
-0.09442103 -0.9985056 2.562754
-0.09094203 -0.9926156 2.559872
-0.07588923 -0.9878743 2.547644
-0.06676292 -0.9823239 2.540787
-0.05167198 -0.9774656 2.530142
-0.03428459 -0.97864 2.518785
-0.01487386 -0.9720705 2.507265
-0.01487386 -0.9665041 2.507265
-0.01095235 -0.9607954 2.505091
0.005026579 -0.9548787 2.496796
0.005026579 -0.949312 2.496796
0.005026579 -0.9437458 2.496796
0.005026579 -0.938179 2.496796
0.003009558 -0.9326532 2.497814
0.003009558 -0.9270865 2.497814
0.01946139 -0.9214024 2.489786
0.01946139 -0.9158352 2.489786
0.01734972 -0.9102465 2.490765
0.02364087 -0.9046697 2.487879
0.01946139 -0.8991346 2.489786
0.02156711 -0.8935803 2.488811
0.03808331 -0.8878598 2.481659
0.03808331 -0.8822926 2.481659
0.02986026 -0.8766991 2.485086
0.04012799 -0.8711954 2.48085
0.04012656 -0.8656279 2.48085
0.02778673 -0.8600426 2.486017
0.02985883 -0.8544305 2.485086
0.02571154 -0.8489526 2.48695
0.009067297 -0.8434668 2.494757
-0.007014036 -0.8382339 2.502966
0.007050037 -0.8323739 2.495779
0.01312447 -0.8266997 2.492727
0.01312447 -0.8211334 2.492727
0.02156115 -0.8156393 2.488815
0.02570844 -0.8099826 2.48695
0.02570844 -0.8044152 2.48695
0.009068727 -0.798934 2.494761
0.02570844 -0.7932808 2.48695
0.02363324 -0.7877582 2.487885
0.04012179 -0.7821186 2.48085
0.01945853 -0.776665 2.489782
0.01945853 -0.7710986 2.489782
0.03603101 -0.7653424 2.482473
0.03603101 -0.7597752 2.482473
0.03398633 -0.7541708 2.483286
0.03807425 -0.7486773 2.481661
0.03807425 -0.7431104 2.481661
0.03602958 -0.7375057 2.482473
0.0339849 -0.7319016 2.483286
0.01312137 -0.7264975 2.492727
0.01945543 -0.7209975 2.489782
0.03192329 -0.7152054 2.484158
0.04218936 -0.7098494 2.480022
0.05485892 -0.7051523 2.475039
0.06784558 -0.6997595 2.470486
0.06784558 -0.6941928 2.470486
0.08085823 -0.6920409 2.466345
0.08085823 -0.6864774 2.466345
0.08085823 -0.6809133 2.466345
0.08085823 -0.6753499 2.466345
0.06784701 -0.6663583 2.470484
0.06784701 -0.6607916 2.470484
0.07654166 -0.6571426 2.467697
0.07654166 -0.6515791 2.467697
0.06565285 -0.6439843 2.471203
0.07222486 -0.6389421 2.469055
0.08085823 -0.6364034 2.466345
0.1015096 -0.6362213 2.460711
0.1015141 -0.6306559 2.460711
0.08085823 -0.6197119 2.466345
0.07222486 -0.6111237 2.469055
0.07438397 -0.6063143 2.468378
0.08300972 -0.603844 2.465738
0.08300972 -0.5982801 2.465738
0.08516121 -0.5935392 2.465134
0.06785011 -0.5828552 2.47048
0.08300972 -0.5815886 2.465738
0.08085823 -0.575202 2.466345
0.08085823 -0.569638 2.466345
0.09823656 -0.5701081 2.461496
0.09657931 -0.5648788 2.461889
0.09658241 -0.5593134 2.461889
0.0926609 -0.5521641 2.462999
0.111536 -0.545155 2.458315
0.109879 -0.539926 2.458712
0.1098835 -0.5343605 2.45871
0.1267705 -0.5274801 2.45516
0.1475072 -0.5215203 2.45163
0.1656253 -0.5160144 2.449408
0.1656253 -0.5104464 2.449408
0.1475086 -0.5048214 2.45163
0.1452045 -0.4992985 2.452023
0.1565831 -0.4938525 2.450308
0.1382923 -0.4882967 2.453201
0.1520908 -0.4825287 2.450891
0.1543386 -0.4770568 2.450598
0.1701572 -0.471365 2.44899
0.1475103 -0.4658559 2.451632
0.1429021 -0.4603767 2.452417
0.15434 -0.4547885 2.450598
0.1475103 -0.4491566 2.451632
0.1588383 -0.4437935 2.450039
0.1429021 -0.438111 2.452417
0.1429021 -0.4325443 2.452417
0.1429021 -0.4269781 2.452419
0.1429021 -0.4214115 2.452419
0.1611059 -0.4159014 2.449831
0.1837513 -0.4096905 2.447754
0.1994877 -0.4040709 2.447145
0.2105565 -0.3990374 2.446865
0.2061284 -0.3932583 2.446978
0.2127705 -0.3880121 2.446808
0.2039158 -0.3820206 2.447033
0.1837544 -0.376289 2.447754
0.1792257 -0.3709309 2.448151
0.1972737 -0.3650044 2.447205
0.1972737 -0.3594385 2.447205
0.1882877 -0.3537239 2.447424
0.1882877 -0.3481569 2.447424
0.183759 -0.3428877 2.447754
0.1792285 -0.3375242 2.448151
0.1792285 -0.3319561 2.448151
0.172437 -0.3265491 2.448782
0.1679082 -0.3210884 2.449203
0.1656437 -0.3155743 2.449413
0.1633809 -0.3100598 2.449625
0.1475148 -0.3044287 2.451639
0.1244724 -0.2992989 2.455563
0.1313846 -0.2936016 2.454386
0.1452107 -0.2877727 2.452032
0.1267765 -0.2825556 2.45517
0.1290822 -0.2769457 2.454779
0.1157002 -0.2716826 2.457338
0.1100712 -0.2672165 2.45867
0.09335065 -0.2631679 2.462801
0.1084201 -0.2564219 2.459063
0.1203296 -0.2489019 2.456326
0.1203282 -0.2433374 2.456329
0.1382999 -0.2378058 2.453211
0.1223819 -0.2323679 2.455948
0.1223805 -0.2268034 2.455948
0.1223791 -0.2212383 2.455948
0.1290836 -0.2157145 2.454782
0.1475179 -0.2097984 2.451645
0.1429098 -0.2043196 2.452429
0.1498234 -0.1986219 2.45125
0.1498234 -0.1930555 2.45125
0.1452153 -0.1875763 2.452036
0.1313894 -0.1822718 2.454391
0.1313894 -0.1767056 2.454391
0.1267812 -0.1712261 2.455175
0.1475194 -0.165267 2.451645
0.1543643 -0.1597305 2.450586
0.1679235 -0.1540552 2.449205
0.1566105 -0.1486912 2.450293
0.1429112 -0.1430885 2.452433
0.1406071 -0.1375656 2.452822
0.1611333 -0.1319443 2.449839
0.1588688 -0.1264301 2.450048
0.1498249 -0.1206913 2.451254
0.1406085 -0.1152998 2.452826
0.1267827 -0.1099953 2.455179
0.1360004 -0.1042541 2.453609
0.1223392 -0.09881287 2.455957
0.1452184 -0.09294663 2.452042
0.12448 -0.08777314 2.455572
0.12448 -0.08220673 2.455572
0.1429143 -0.0762909 2.452435
0.1429143 -0.07072411 2.452435
0.1475224 -0.06507053 2.451651
0.1313939 -0.05980968 2.454393
0.1202657 -0.05413399 2.456339
0.1052434 -0.05117073 2.459826
0.1180532 -0.04308739 2.456793
0.1180515 -0.03752232 2.456793
0.1244817 -0.03210869 2.455572
0.1244817 -0.0265419 2.455576
0.1406116 -0.02066975 2.452829
0.1406116 -0.01510315 2.452829
0.1290898 -0.009755135 2.45479
0.1290913 -0.004188919 2.45479
0.1290913 0.001377869 2.45479
0.1290913 0.006943894 2.45479
0.1156042 0.012117 2.457357
0.1156042 0.0176815 2.457357
0.1119373 0.02252617 2.458227
0.122298 0.02917767 2.455963
0.1452215 0.03508205 2.452047
0.1588857 0.04060326 2.450052
0.16115 0.04622421 2.449841
0.1611516 0.05179233 2.449841
0.1543827 0.05738716 2.450577
0.1566288 0.06285954 2.450283
0.1792684 0.06892357 2.44816
0.1702106 0.0742773 2.449001
0.147527 0.07965775 2.451656
0.1290929 0.08487453 2.454794
0.1290929 0.09044113 2.454794
0.1086674 0.0942051 2.459009
0.1155751 0.101152 2.457363
0.1155736 0.1067169 2.457363
0.136008 0.112838 2.453619
0.1521366 0.1187103 2.450872
0.1702154 0.1243874 2.449001
0.1883335 0.1305855 2.447424
0.1994908 0.1358061 2.447145
0.1994908 0.1413719 2.447145
0.210561 0.1464054 2.446865
0.210561 0.1519713 2.446865
0.1994908 0.1580689 2.447145
0.2226017 0.1606586 2.446947
0.2396686 0.1628542 2.447598
0.2396686 0.1684204 2.447598
0.2438772 0.1744608 2.447866
0.2200367 0.1837206 2.446871
0.2200367 0.1892862 2.446871
0.2200367 0.1948519 2.446871
0.1972783 0.2027018 2.447205
0.1928501 0.2084801 2.447317
0.2149892 0.2129814 2.446753
0.2039189 0.219079 2.447033
0.1906025 0.2252117 2.447372
0.1906025 0.2307787 2.447372
0.179285 0.235957 2.448166
0.1702275 0.2413109 2.449005
0.1498373 0.2466953 2.451273
0.1498373 0.2522617 2.451273
0.1634357 0.2578533 2.449636
0.1543996 0.2633707 2.450567
0.1543996 0.2689377 2.450567
0.1724949 0.2747709 2.448797
0.1906071 0.2808796 2.447372
0.1906071 0.2864464 2.447372
0.1928501 0.2919663 2.447317
0.1928501 0.2975319 2.447317
0.2061346 0.3024592 2.446978
0.2061346 0.3080246 2.446978
0.1928501 0.3142292 2.447317
0.2083485 0.3190494 2.446924
0.2251682 0.3212652 2.447023
0.2105625 0.3300747 2.446865
0.2105625 0.3356407 2.446865
0.2277348 0.3371635 2.4471
0.2480717 0.3419159 2.448135
0.2614384 0.3463356 2.44945
0.2773533 0.35012 2.451342
0.2773533 0.3556874 2.451342
0.2637136 0.362771 2.449718
0.2591558 0.368886 2.449183
0.2523808 0.3752834 2.44845
0.2659886 0.3792069 2.449987
0.2637105 0.3850491 2.449718
0.2637088 0.3906183 2.449718
0.2614293 0.3964607 2.44945
0.2501714 0.4033791 2.448269
0.2501714 0.4089453 2.448269
0.2523715 0.4142697 2.44845
0.2545903 0.4195566 2.448641
0.2545903 0.4251259 2.448641
0.2614231 0.4298773 2.44945
0.259145 0.4357197 2.449183
0.2591436 0.4412889 2.449183
0.2568638 0.4471314 2.448914
0.2705343 0.4510641 2.450525
0.2930684 0.4567883 2.453915
0.3043568 0.4624624 2.455994
0.3199925 0.465692 2.459326
0.3398106 0.4657187 2.464401
0.3398106 0.4712841 2.464401
0.3376071 0.4765036 2.463772
0.3376071 0.4820673 2.463772
0.3287799 0.4902537 2.461514
0.3221943 0.4983647 2.459845
0.3243902 0.5030838 2.4604
0.3331699 0.5052586 2.462627
0.3155308 0.516523 2.45837
0.3221958 0.5206332 2.459845
0.3398092 0.5213718 2.464401
0.3592701 0.5301319 2.470175
0.3797002 0.5407116 2.477097
0.3776753 0.5456095 2.476385
0.3695791 0.5485021 2.473547
0.3551183 0.5518708 2.468847
0.3716037 0.5603024 2.474255
0.3716037 0.5658692 2.474255
0.3530033 0.5683228 2.468197
0.3675435 0.5757721 2.472849
0.3882313 0.5843374 2.480286
0.3882313 0.5899044 2.480286
0.4031835 0.5919205 2.486155
0.3947484 0.5992491 2.482794
0.3925755 0.6054129 2.481958
0.3990879 0.6092848 2.484467
0.4092777 0.6140888 2.488848
0.4113102 0.6196217 2.489746
0.4133413 0.6251554 2.490643
0.4317615 0.6305878 2.498922
0.4462802 0.63704 2.506292
0.4379842 0.6421021 2.502081
0.448354 0.6483009 2.507345
0.465543 0.6489494 2.516855
0.4846928 0.6601464 2.528534
0.4808903 0.6629646 2.526087
0.4808903 0.6685284 2.526087
0.4884953 0.6795837 2.530981
0.5067372 0.6847355 2.543657
0.5242543 0.6844986 2.55736
0.5242543 0.6900643 2.55736
0.5191076 0.6967654 2.553156
0.512064 0.705358 2.547729
0.5225346 0.7069895 2.555948
0.5225346 0.7125551 2.555948
0.5259755 0.7176632 2.558777
0.5085423 0.7291248 2.545015
0.5242558 0.729023 2.557364
0.5276966 0.7341316 2.56019
0.5242558 0.7401544 2.557364
0.5242558 0.7457201 2.557364
0.5361898 0.7501877 2.567486
0.5361898 0.755752 2.567486
0.522536 0.7626454 2.55595
0.522536 0.768211 2.55595
0.5276966 0.7730905 2.56019
0.5428715 0.7776586 2.573452
0.5557377 0.7800377 2.585699
0.5713766 0.785211 2.60187
0.5713766 0.7907761 2.60187
0.5788944 0.7940302 2.610231
0.593436 0.7919027 2.627316
0.5833287 0.8036774 2.615282
0.5976353 0.8012204 2.632662
0.6099567 0.7994202 2.648977
0.6099567 0.8049845 2.648977
0.6191838 0.8010632 2.66206
0.6153171 0.8119346 2.656347
0.601836 0.8272325 2.63801
0.6139836 0.8242332 2.654495
0.6268926 0.8165676 2.673864
0.6268926 0.822131 2.673864
0.6391377 0.8225399 2.694241
0.6391377 0.8281056 2.694241
0.6379857 0.8342718 2.6922
0.6268926 0.8443825 2.673864
0.6268926 0.8499458 2.673864
0.6294529 0.8547043 2.677919
0.6414418 0.8547302 2.698324
0.6425939 0.8596945 2.700365
0.637984 0.8676643 2.692196
0.637984 0.8732294 2.692196
0.6458881 0.8756836 2.7064
0.6500537 0.881402 2.714367
0.6391361 0.8893246 2.694239
0.6391361 0.8948898 2.694239
0.6469333 0.8980846 2.708385
0.6520512 0.9021522 2.718405
0.6597996 0.9014164 2.734711
0.6597996 0.9069821 2.734711
0.6616199 0.9107929 2.738863
0.6669071 0.9101864 2.751406
0.6669087 0.9157509 2.751406
0.6677632 0.9201388 2.75351
0.6588612 0.9356323 2.732653
0.6588612 0.941198 2.732653
0.655045 0.9499733 2.724466
0.6479802 0.9594383 2.710375
0.6500537 0.9648802 2.714367
0.6579137 0.9642655 2.730602
0.6520498 0.9744999 2.718405
0.6530492 0.9793099 2.720425
0.6597996 0.9793316 2.734711
0.6560199 0.9881396 2.726501
0.6579137 0.9920925 2.730602
0.6643407 0.991625 2.745096
0.6651967 0.9960125 2.747198
0.6686101 0.9969761 2.755617
0.6651967 1.007142 2.747198
0.6560199 1.021532 2.726501
0.6560199 1.027097 2.726501
0.6560199 1.032663 2.726501
0.655045 1.039016 2.724466
0.6607091 1.039674 2.736786
0.6607091 1.04524 2.736786
0.6694171 1.040905 2.757748
0.6634405 1.053739 2.743013
0.6634405 1.059304 2.743013
0.6579137 1.070008 2.730602
0.6479802 1.08186 2.710375
0.6437383 1.087274 2.702398
0.6437383 1.092839 2.702398
0.6437383 1.098405 2.702398
0.6437383 1.10397 2.702398
0.6437383 1.109535 2.702398
0.6368229 1.118707 2.690142
0.6414325 1.121868 2.698313
0.6425846 1.126833 2.700357
0.6425846 1.132398 2.700354
0.6414325 1.138564 2.698313
0.639127 1.145332 2.694225
0.6414311 1.149695 2.698313
0.6469333 1.154057 2.708385
0.6510518 1.158907 2.716385
0.6510518 1.164472 2.716387
0.6414311 1.171957 2.698313
0.6294544 1.182919 2.677927
0.6281743 1.188884 2.675898
0.6345158 1.19226 2.686052
0.6448414 1.192724 2.704409
0.6448414 1.198288 2.704409
0.6414311 1.205349 2.698309
0.6307347 1.215894 2.679953
0.6307347 1.221458 2.679953
0.6402776 1.222646 2.696268
0.6281743 1.233387 2.6759
0.6281743 1.23895 2.6759
0.6243351 1.245719 2.669815
0.6126409 1.264841 2.65266
0.6191869 1.262736 2.662064
0.632015 1.259996 2.681982
0.632015 1.265559 2.681982
0.6379704 1.268372 2.692179
0.6391239 1.273336 2.69422
0.6345127 1.281306 2.68605
0.6448414 1.281757 2.704409
0.6448414 1.287322 2.704409
0.641428 1.294395 2.698305
0.6500523 1.298793 2.714367
0.655045 1.300581 2.724466
0.6490269 1.310152 2.712366
0.6520498 1.313977 2.718405
0.6469333 1.320996 2.708385
0.6469333 1.32656 2.708385
0.6425786 1.332752 2.700348
0.6500537 1.337749 2.714367
0.6500537 1.343314 2.714367
0.6425786 1.349448 2.700344
0.6425786 1.355013 2.700344
0 0 0
0.6490285 -5.428602 2.712366
0.6490285 -5.423037 2.712366
0.6415043 -5.416842 2.698404
0.6333196 -5.407397 2.684246
0.6333196 -5.401831 2.684244
0.6333196 -5.396266 2.684244
0.6333196 -5.390701 2.684244
0.6268864 -5.381416 2.673885
0.6268864 -5.375851 2.673885
0.6243138 -5.368798 2.669744
0.6243138 -5.363233 2.669744
0.6152866 -5.349642 2.656368
0.6152866 -5.344077 2.656368
0.6256001 -5.347281 2.671814
0.6370122 -5.34815 2.69039
0.6426275 -5.344982 2.700409
0.6415043 -5.338938 2.698406
0.6415043 -5.333374 2.698406
0.6320317 -5.323175 2.682171
0.6255987 -5.31389 2.671814
0.6294591 -5.310556 2.678026
0.6178806 -5.296349 2.660147
0.6178806 -5.290783 2.660147
0.6178806 -5.285217 2.660147
0.6281726 -5.287552 2.675955
0.6320317 -5.284218 2.682169
0.6437504 -5.28425 2.702414
0.6469364 -5.278642 2.708389
0.6437504 -5.273121 2.702414
0.6540501 -5.271032 2.722448
0.6540501 -5.265467 2.722448
0.6579196 -5.263317 2.730608
0.6625187 -5.261789 2.740946
0.6550496 -5.249655 2.724468
0.660712 -5.249088 2.736792
0.6540501 -5.237644 2.722448
0.6448445 -5.228844 2.704409
0.6469364 -5.222995 2.708389
0.6469364 -5.21743 2.708389
0.6500554 -5.211855 2.714367
0.6392581 -5.204428 2.694397
0.6426275 -5.200302 2.700409
0.6333179 -5.190353 2.684237
0.6415043 -5.188694 2.698406
0.6307454 -5.177735 2.680094
0.6307454 -5.17217 2.680094
0.6281712 -5.165117 2.675951
0.6370122 -5.164517 2.69039
0.6403813 -5.16039 2.696402
0.6426275 -5.155785 2.700409
0.6320317 -5.145088 2.682165
0.6307437 -5.138779 2.680094
0.6243122 -5.129494 2.669735
0.6165943 -5.117059 2.658249
0.6255987 -5.119108 2.671808
0.6255987 -5.113543 2.671804
0.6281712 -5.109465 2.675949
0.6346042 -5.10762 2.686306
0.6333179 -5.10131 2.684235
0.6358783 -5.097219 2.688372
0.6381352 -5.092656 2.692394
0.6469364 -5.089444 2.708389
0.6469364 -5.083879 2.708389
0.6500554 -5.078304 2.714367
0.6469364 -5.07275 2.708389
0.6490285 -5.066902 2.712366
0.6448445 -5.061906 2.704409
0.6520526 -5.057811 2.718409
0.6616154 -5.060665 2.738867
0.660712 -5.054313 2.736792
0.6686025 -5.057321 2.755621
0.6634221 -5.045541 2.743023
0.6710286 -5.047959 2.762011
0.6710286 -5.042394 2.762011
0.6748815 -5.040425 2.772753
0.6771367 -5.037237 2.779226
0.6771367 -5.031672 2.779226
0.679894 -5.029784 2.787964
0.6831563 -5.029566 2.798965
0.6792057 -5.017736 2.785778
0.6785161 -5.011253 2.783594
0.6805713 -5.008497 2.790152
0.6733708 -4.994361 2.768442
0.6677587 -4.983959 2.75351
0.6660526 -4.976124 2.749298
0.6634221 -4.967632 2.743023
0.6634221 -4.962067 2.743023
0.6598089 -4.953355 2.734713
0.6616154 -4.949365 2.738867
0.6686025 -4.951592 2.755621
0.6598089 -4.93666 2.734713
0.6598089 -4.931095 2.734713
0.6625187 -4.927891 2.740946
0.6569676 -4.917425 2.728558
0.6598089 -4.914398 2.734713
0.6598089 -4.908833 2.734713
0.6540501 -4.898202 2.722448
0.6458898 -4.88926 2.7064
0.6500554 -4.883542 2.714367
0.6437504 -4.878034 2.702414
0.6469364 -4.872425 2.708389
0.6469364 -4.866859 2.708389
0.6560154 -4.86649 2.726511
0.6550496 -4.860103 2.724468
0.6550481 -4.854537 2.724468
0.6579196 -4.85149 2.730606
0.6607137 -4.848409 2.736792
0.6530521 -4.836109 2.720428
0.6579196 -4.834794 2.730606
0.6651998 -4.835874 2.747192
0.6677587 -4.833713 2.75351
0.6669056 -4.827013 2.751404
0.6669056 -4.821449 2.751404
0.6660526 -4.81475 2.749298
0.661617 -4.804674 2.738867
0.6694112 -4.807502 2.757751
0.6710286 -4.803116 2.762011
0.6686025 -4.795784 2.755621
0.6625202 -4.7832 2.740946
0.6607137 -4.776064 2.736792
0.6520526 -4.762886 2.718409
0.6448429 -4.755851 2.704409
0.6469364 -4.750003 2.708389
0.6426275 -4.744003 2.700409
0.6370122 -4.736042 2.69039
0.6320302 -4.727697 2.682146
0.6358647 -4.724339 2.688356
0.625597 -4.712848 2.671793
0.6217411 -4.704319 2.66585
0.6333165 -4.706181 2.684219
0.6333165 -4.700616 2.684219
0.6268833 -4.691331 2.673861
0.6268833 -4.685766 2.673861
0.6139545 -4.669385 2.65452
0.625597 -4.673891 2.671789
0.6165943 -4.660645 2.658249
0.625597 -4.662761 2.671789
0.625597 -4.657196 2.671789
0.6243122 -4.651011 2.669733
0.6152897 -4.637194 2.656366
0.6152897 -4.631627 2.656366
0.6018314 -4.615025 2.637987
0.5962207 -4.606791 2.630871
0.5948186 -4.600559 2.629095
0.6086094 -4.60334 2.647125
0.6086094 -4.597775 2.647125
0.612618 -4.595822 2.65267
0.6018314 -4.581639 2.637987
0.6072729 -4.579872 2.645279
0.5976231 -4.568508 2.63265
0.609946 -4.571149 2.648973
0.623029 -4.577733 2.667751
0.6333165 -4.578181 2.684214
0.623029 -4.566608 2.667751
0.6217411 -4.559602 2.66585
0.6268833 -4.557766 2.673855
0.6191685 -4.546114 2.662048
0.6191685 -4.540548 2.662048
0.6178823 -4.533804 2.660147
0.6045978 -4.516343 2.641586
0.6004293 -4.508636 2.636209
0.6086094 -4.508718 2.647125
0.6086094 -4.503152 2.647125
0.6152914 -4.503609 2.656366
0.6191685 -4.501585 2.662048
0.6268833 -4.502114 2.673855
0.6268833 -4.496549 2.673855
0.6139545 -4.480141 2.654516
0.6004293 -4.464122 2.636209
0.6018314 -4.459225 2.637987
0.6126194 -4.462238 2.65267
0.6045978 -4.449567 2.641586
0.6112828 -4.449902 2.65082
0.6018331 -4.436968 2.637987
0.590569 -4.425611 2.623819
0.5833058 -4.415628 2.615261
0.5818334 -4.409692 2.613577
0.5818334 -4.404128 2.613577
0.5948186 -4.405809 2.629095
0.5948186 -4.400245 2.629095
0.5962224 -4.395349 2.630875
0.5962224 -4.389784 2.630875
0.5962224 -4.38422 2.630875
0.590569 -4.375534 2.623819
0.5948186 -4.372423 2.629095
0.6059377 -4.372725 2.643429
0.6178823 -4.377956 2.660147
0.6307423 -4.381912 2.680063
0.6381352 -4.380386 2.692394
0.6437504 -4.377218 2.702414
0.637006 -4.368756 2.690384
0.6458898 -4.366186 2.7064
0.6392581 -4.358606 2.694397
0.6392581 -4.353042 2.694397
0.6320286 -4.343699 2.682135
0.6320286 -4.338133 2.682135
0.6346014 -4.334056 2.686275
0.6381352 -4.330304 2.692394
0.6333148 -4.322182 2.684204
0.6333148 -4.316616 2.684204
0.6333148 -4.311051 2.684204
0.6358509 -4.306935 2.688339
0.6281681 -4.296945 2.675919
0.6281681 -4.29138 2.675919
0.6281681 -4.285816 2.675919
0.6191685 -4.273378 2.662048
0.6307409 -4.276172 2.680059
0.6307409 -4.270607 2.680059
0.6333148 -4.26653 2.684204
0.6320286 -4.260221 2.682131
0.6294544 -4.253168 2.677988
0.6358495 -4.251281 2.688335
0.6294544 -4.242037 2.677988
0.6415043 -4.242708 2.698404
0.6333148 -4.233139 2.6842
0.6426275 -4.232058 2.700409
0.6426275 -4.226493 2.700409
0.6426275 -4.220929 2.700409
0.6426275 -4.215364 2.700409
0.6320286 -4.204568 2.682129
0.6217427 -4.192244 2.66585
0.6255956 -4.189719 2.67177
0.6358478 -4.190063 2.688334
0.6358478 -4.184497 2.688334
0.6294544 -4.175255 2.677984
0.6415043 -4.175933 2.698404
0.6415043 -4.170368 2.698404
0.6500554 -4.165707 2.714367
0.6569676 -4.166119 2.728558
0.6510532 -4.15546 2.716387
0.6403813 -4.14763 2.696402
0.6458898 -4.143601 2.7064
0.6437504 -4.137939 2.702414
0.6437504 -4.132375 2.702414
0.6479816 -4.126623 2.710375
0.6579213 -4.128009 2.730606
0.6560154 -4.12075 2.726507
0.6530521 -4.112709 2.720428
0.6490285 -4.104222 2.712366
0.6560154 -4.104054 2.726507
0.6560154 -4.098489 2.726507
0.6652012 -4.101329 2.747192
0.6607168 -4.09157 2.736788
0.6510532 -4.077555 2.716387
0.6403813 -4.069726 2.696402
0.6437504 -4.065599 2.702414
0.6358433 -4.056494 2.688326
0.6358433 -4.050928 2.688326
0.6333134 -4.043922 2.684195
0.6230321 -4.032627 2.667755
0.6099491 -4.014548 2.648972
0.6204565 -4.01852 2.66395
0.6333134 -4.021661 2.684191
0.6437504 -4.021082 2.702414
0.6369939 -4.012571 2.690369
0.6320271 -4.004221 2.682123
0.6255956 -3.994984 2.67177
0.6358402 -3.995274 2.688324
0.6320271 -3.987526 2.682119
0.6320271 -3.98196 2.682119
0.6381352 -3.979733 2.692394
0.6281681 -3.968598 2.675905
0.6307409 -3.964521 2.680048
0.6307409 -3.958956 2.680048
0.6268804 -3.951158 2.673834
0.6268804 -3.945593 2.673834
0.6345997 -3.944492 2.68626
0.6358402 -3.93962 2.688324
0.6426275 -3.937134 2.700409
0.6490269 -3.931719 2.712366
0.6479816 -3.926297 2.710375
0.6403813 -3.919481 2.696402
0.6403813 -3.913916 2.696402
0.6437504 -3.90979 2.702414
0.6520526 -3.905935 2.718409
0.6479816 -3.898474 2.710375
0.6458898 -3.893193 2.7064
0.6381352 -3.885135 2.692394
0.6294529 -3.874734 2.677973
0.6294529 -3.869168 2.677973
0.6178837 -3.854749 2.660147
0.6294529 -3.858038 2.677973
0.6294529 -3.852473 2.677973
0.6333134 -3.849139 2.684185
0.6255956 -3.839221 2.67177
0.6294529 -3.835777 2.677973
0.6369877 -3.83448 2.690359
0.6415043 -3.830926 2.698404
0.6437504 -3.82632 2.702414
0.6448429 -3.820995 2.704409
0.6403813 -3.813753 2.696402
0.6294529 -3.802386 2.677969
0.6294529 -3.796821 2.677969
0.6381338 -3.796101 2.692394
0.6294529 -3.78569 2.677969
0.6307392 -3.780869 2.68004
0.6369863 -3.778826 2.690359
0.6381352 -3.773842 2.692394
0.6255956 -3.76134 2.671774
0.6178837 -3.748995 2.660147
0.6204565 -3.745784 2.66395
0.6204565 -3.740218 2.66395
0.6281667 -3.740425 2.675898
0.6281667 -3.73486 2.675898
0.6255956 -3.727962 2.671774
0.6294529 -3.724473 2.677969
0.6294529 -3.718908 2.677965
0.6243169 -3.710871 2.669744
0.6369846 -3.712041 2.690355
0.6403813 -3.708025 2.696402
0.6403813 -3.702461 2.696402
0.6479816 -3.698147 2.710375
0.6437504 -3.69277 2.702414
0.6530507 -3.689798 2.720428
0.6510532 -3.682468 2.716387
0.6560154 -3.681097 2.726507
0.6607182 -3.679761 2.736788
0.6607182 -3.674196 2.736788
0.6607182 -3.668631 2.736788
0.6510532 -3.654645 2.716387
0.6607182 -3.657501 2.736788
0.6616216 -3.652722 2.738867
0.6625249 -3.647943 2.740942
0.67103 -3.651241 2.762011
0.6686039 -3.643909 2.755621
0.6686039 -3.638345 2.755621
0.6598072 -3.623231 2.734713
0.6569691 -3.615161 2.728556
0.6500554 -3.60368 2.714367
0.6500537 -3.598116 2.714367
0.6469364 -3.592562 2.708389
0.6500554 -3.586987 2.714367
0.6392581 -3.57956 2.694397
0.6392581 -3.573995 2.694397
0.635828 -3.56674 2.688305
0.6448429 -3.565023 2.704409
0.6540501 -3.562654 2.722448
0.6500554 -3.553599 2.714367
0.6437504 -3.54809 2.702414
0.6358266 -3.538913 2.688305
0.633312 -3.531922 2.684174
0.6426275 -3.530916 2.700409
0.6307378 -3.519305 2.680033
0.6204565 -3.506445 2.66395
0.625597 -3.505444 2.671778
0.61917 -3.494135 2.662048
0.628165 -3.495556 2.675888
0.6243169 -3.488353 2.66975
0.6243169 -3.48279 2.66975
0.633312 -3.481836 2.684174
0.633312 -3.47627 2.684174
0.6403813 -3.474312 2.696402
0.6320255 -3.464397 2.6821
0.6294515 -3.457343 2.677958
0.638129 -3.456635 2.692385
0.6469364 -3.453446 2.708385
0.6415043 -3.446968 2.698404
0.6415043 -3.441403 2.698404
0.6381276 -3.434373 2.692385
0.6426275 -3.430753 2.700409
0.6345983 -3.421362 2.686243
0.6230352 -3.409646 2.667757
0.628165 -3.406512 2.675884
0.6320255 -3.403179 2.682098
0.6307378 -3.39687 2.680025
0.6381261 -3.395416 2.692383
0.6458898 -3.392377 2.7064
0.6550481 -3.390888 2.724468
0.6588719 -3.388657 2.732653
0.6607168 -3.384797 2.736788
0.6660542 -3.38464 2.749298
0.6625249 -3.375259 2.740942
0.6560171 -3.363879 2.726507
0.6469364 -3.353283 2.708389
0.6458898 -3.34786 2.7064
0.6458898 -3.342296 2.7064
0.6448429 -3.336874 2.704409
0.6403797 -3.329632 2.696402
0.628165 -3.317469 2.675882
0.628165 -3.311904 2.675882
0.61917 -3.299325 2.662048
0.6178837 -3.29258 2.660147
0.6045949 -3.275433 2.641596
0.6165974 -3.28027 2.658249
0.6165974 -3.274705 2.658249
0.6268773 -3.27777 2.673809
0.6369693 -3.277941 2.690334
0.6415043 -3.274464 2.698404
0.6426275 -3.269379 2.700409
0.6369693 -3.261246 2.690334
0.6437504 -3.25873 2.702414
0.6437504 -3.253165 2.702414
0.6403813 -3.246162 2.696402
0.6403797 -3.240597 2.696402
0.6458898 -3.236568 2.7064
0.6540501 -3.234307 2.722448
0.6540501 -3.228741 2.722448
0.6598058 -3.22809 2.734713
0.6643314 -3.226577 2.745096
0.6560171 -3.213617 2.726507
0.6520526 -3.204793 2.718409
0.6426275 -3.19704 2.700409
0.6530507 -3.194547 2.720428
0.6530521 -3.188983 2.720428
0.6540501 -3.18422 2.722448
0.6530507 -3.177853 2.720428
0.6530507 -3.172288 2.720428
0.6540501 -3.167525 2.722448
0.6530507 -3.161159 2.720428
0.6530507 -3.155595 2.720428
0.6490269 -3.147108 2.712366
0.6510532 -3.1427 2.716387
0.6500537 -3.136252 2.714367
0.6458898 -3.130841 2.7064
0.6469364 -3.125133 2.708389
0.6469364 -3.119569 2.708389
0.6392567 -3.112132 2.694397
0.6345966 -3.104146 2.68623
0.6243184 -3.093384 2.669754
0.6369634 -3.094284 2.690329
0.6369634 -3.088719 2.690329
0.6403797 -3.084788 2.696402
0.6403797 -3.079224 2.696402
0.6490269 -3.074768 2.712366
0.6490269 -3.069203 2.712366
0.6448429 -3.064208 2.704409
0.6490269 -3.058074 2.712366
0.6540501 -3.05622 2.722448
0.6540501 -3.050655 2.722448
0.6437504 -3.04171 2.702414
0.6437504 -3.036145 2.702414
0.6333103 -3.02549 2.684155
0.6294498 -3.017692 2.677942
0.6268787 -3.010743 2.673813
0.6320226 -3.00805 2.682083
0.643749 -3.008322 2.702414
0.6403813 -3.001319 2.696402
0.6294498 -2.989866 2.677938
0.6268787 -2.982929 2.673813
0.6165974 -2.968574 2.658249
0.6178837 -2.964185 2.660151
0.6178837 -2.958619 2.660151
0.6268787 -2.960677 2.673813
0.6191716 -2.948665 2.662048
0.6294498 -2.950909 2.677938
0.6217473 -2.940546 2.665854
0.6345952 -2.942755 2.686224
0.6426258 -2.941067 2.700409
0.6448429 -2.936222 2.704409
0.6437504 -2.930417 2.702414
0.6403797 -2.923415 2.696402
0.6345952 -2.914929 2.686224
0.6268787 -2.905047 2.673813
0.6345952 -2.903799 2.68622
0.6281621 -2.894514 2.675867
0.6333089 -2.891924 2.684153
0.6437504 -2.891465 2.702414
0.6392567 -2.883983 2.694397
0.6490269 -2.880006 2.712366
0.646935 -2.874725 2.708385
0.6458898 -2.869303 2.7064
0.6403797 -2.862204 2.696402
0.6448429 -2.858317 2.704409
0.6469364 -2.852467 2.708385
0.6469364 -2.846903 2.708389
0.6403797 -2.839945 2.696402
0.6333089 -2.830707 2.684149
0.6230366 -2.82004 2.667761
0.6345952 -2.820321 2.686218
0.6345952 -2.814755 2.686218
0.6268804 -2.804914 2.673815
0.6345952 -2.803625 2.686218
0.6381061 -2.79992 2.692358
0.6268804 -2.788225 2.673815
0.6392567 -2.789385 2.694397
0.6403797 -2.784299 2.696402
0.6392567 -2.778255 2.694397
0.6415043 -2.773649 2.698404
0.6469364 -2.768998 2.708385
0.6381047 -2.760962 2.692354
0.6458898 -2.758011 2.7064
0.6510532 -2.753177 2.716387
0.6510532 -2.747612 2.716387
0.6540501 -2.744569 2.722448
0.6530507 -2.738248 2.720428
0.6579227 -2.736703 2.730602
0.6579227 -2.731137 2.730602
0.6569707 -2.724725 2.728556
0.646935 -2.713352 2.708385
0.6403797 -2.706394 2.696402
0.6345952 -2.697886 2.686214
0.6381032 -2.694178 2.692352
0.6256001 -2.682128 2.671789
0.6204593 -2.67169 2.66395
0.6268804 -2.671403 2.673815
0.6369495 -2.671315 2.69031
0.6333072 -2.663751 2.684143
0.643749 -2.663316 2.70241
0.632021 -2.651876 2.68207
0.632021 -2.646312 2.68207
0.6294484 -2.639258 2.677927
0.6307347 -2.634437 2.679998
0.6333072 -2.630359 2.684139
0.6437504 -2.629928 2.702414
0.632021 -2.618485 2.682068
0.6357944 -2.615061 2.688265
0.6357944 -2.609495 2.688263
0.6333072 -2.602534 2.684139
0.6392522 -2.600167 2.694391
0.6479816 -2.596352 2.710375
0.6560171 -2.595877 2.726507
0.6550481 -2.589498 2.724468
0.6500537 -2.579791 2.714367
0.6392505 -2.572341 2.694391
0.6392505 -2.566775 2.694391
0.6458898 -2.56325 2.7064
0.6392505 -2.555645 2.694391
0.6415043 -2.551064 2.698404
0.636945 -2.543312 2.690304
0.632021 -2.535007 2.682064
0.6392491 -2.533383 2.694387
0.6458898 -2.529862 2.7064
0.6415029 -2.523241 2.698404
0.6448429 -2.518876 2.704409
0.6448429 -2.513311 2.704409
0.6458898 -2.507603 2.7064
0.6510532 -2.502769 2.716387
0.6579227 -2.502957 2.730602
0.6569707 -2.49655 2.728556
0.6469364 -2.485203 2.708385
0.6458898 -2.47978 2.7064
0.6458898 -2.474216 2.7064
0.6369419 -2.465397 2.690302
0.6256015 -2.454046 2.671793
0.6256015 -2.448483 2.671793
0.6256015 -2.44292 2.671793
0.6256015 -2.437358 2.671793
0.6294467 -2.433346 2.677919
0.6191716 -2.419892 2.662048
0.6191716 -2.414326 2.662048
0.6165988 -2.406405 2.658249
0.6294467 -2.411085 2.677917
0.6307347 -2.406264 2.679989
0.6268804 -2.398819 2.673819
0.6333072 -2.396621 2.68413
0.6415043 -2.395255 2.698404
0.6490269 -2.39032 2.712366
0.6403797 -2.383646 2.696402
0.6392446 -2.377553 2.694382
0.6403797 -2.372518 2.696402
0.6500554 -2.368335 2.714367
0.6500554 -2.362771 2.714367
0.6392446 -2.355291 2.694382
0.6415029 -2.350739 2.698404
0.6510532 -2.34696 2.716387
0.6479816 -2.34038 2.710375
0.6540487 -2.338309 2.722448
0.6469364 -2.329393 2.708385
0.6469364 -2.323829 2.708385
0.6458898 -2.318407 2.7064
0.6392429 -2.310768 2.694378
0.6490269 -2.30685 2.712366
0.6490269 -2.301286 2.712366
0.6458898 -2.296148 2.7064
0.6369374 -2.287304 2.690292
0.6320195 -2.279008 2.682055
0.6268818 -2.270871 2.673822
0.6139684 -2.253736 2.654507
0.6230397 -2.258246 2.667765
0.6243215 -2.253378 2.669765
0.6243215 -2.247815 2.669765
0.6294467 -2.244129 2.677912
0.6307333 -2.239307 2.679983
0.638088 -2.237817 2.692333
0.63924 -2.232853 2.694376
0.6268818 -2.220804 2.673822
0.6153049 -2.204846 2.656357
0.6059361 -2.191335 2.643442
0.6059361 -2.185771 2.643442
0.6099584 -2.18333 2.648962
0.6217504 -2.189633 2.665859
0.6320195 -2.189965 2.682053
0.6426258 -2.189844 2.700409
0.6490269 -2.184429 2.712366
0.643749 -2.179194 2.70241
0.6500537 -2.173573 2.714367
0.6479802 -2.167877 2.710375
0.6479816 -2.162313 2.710375
0.6479816 -2.156748 2.710375
0.6479816 -2.151183 2.710375
0.6569707 -2.151506 2.728556
0.6579213 -2.146774 2.730602
0.6530507 -2.137206 2.720428
0.643749 -2.129113 2.70241
0.6320195 -2.117617 2.682049
0.6380832 -2.115378 2.692327
0.6281621 -2.104384 2.675852
0.6281621 -2.098821 2.675852
0.6333058 -2.096101 2.684122
0.6333058 -2.090535 2.684122
0.6380832 -2.087552 2.692327
0.6380832 -2.081986 2.692327
0.6320195 -2.073095 2.682049
0.643749 -2.073466 2.70241
0.6540487 -2.071179 2.722448
0.6540487 -2.065614 2.722448
0.6607151 -2.065804 2.736788
0.6660542 -2.065796 2.749298
0.6718373 -2.065915 2.764141
0.668607 -2.057995 2.755617
0.6598041 -2.042665 2.734713
0.6520526 -2.030659 2.718409
0.6560185 -2.028224 2.726503
0.6560185 -2.022659 2.726503
0.6560185 -2.017093 2.726503
0.6520512 -2.008401 2.718409
0.6490269 -2.000796 2.712366
0.6490269 -1.995232 2.712366
0.6392324 -1.987976 2.694366
0.6268833 -1.976035 2.673824
0.6153049 -1.959942 2.656353
0.6153066 -1.954376 2.656353
0.6153066 -1.94881 2.656353
0.6032352 -1.933468 2.63978
0.6032352 -1.927903 2.63978
0.6018345 -1.921734 2.637997
0.6059361 -1.918669 2.643442
0.6139698 -1.919775 2.654507
0.6139698 -1.914209 2.654507
0.6153066 -1.909847 2.656353
0.619173 -1.907819 2.662048
0.619173 -1.902252 2.662048
0.619173 -1.896687 2.662048
0.6256032 -1.897751 2.671799
0.6230412 -1.891133 2.667765
0.6268833 -1.887027 2.673828
0.6178868 -1.873244 2.660151
0.6178868 -1.867679 2.660151
0.6256032 -1.869936 2.671799
0.6320179 -1.867183 2.682039
0.6230412 -1.857759 2.667765
0.619173 -1.846601 2.662048
0.6086202 -1.831642 2.647121
0.6059361 -1.82407 2.643444
0.6032352 -1.816609 2.639782
0.6072774 -1.813944 2.645281
0.619173 -1.81879 2.662048
0.619173 -1.813227 2.662048
0.6139698 -1.802889 2.654505
0.6139698 -1.797323 2.654505
0.6165988 -1.794143 2.658249
0.6045933 -1.77855 2.641603
0.6045933 -1.772985 2.641603
0.6139698 -1.775059 2.654505
0.6230412 -1.779886 2.667767
0.6345921 -1.779627 2.686182
0.6448429 -1.778782 2.704409
0.6448429 -1.773217 2.704409
0.6490269 -1.767082 2.712366
0.6490269 -1.761518 2.712366
0.6403768 -1.754831 2.696396
0.6380711 -1.748063 2.692312
0.6256046 -1.736425 2.671801
0.6217518 -1.72796 2.665859
0.6204624 -1.720533 2.663956
0.6204624 -1.71497 2.663956
0.615308 -1.703905 2.656353
0.6032352 -1.68862 2.639782
0.6032352 -1.683056 2.639782
0.6045933 -1.678387 2.641603
0.6099613 -1.676836 2.648962
0.5976353 -1.663946 2.632654
0.6086185 -1.664703 2.647121
0.615308 -1.664943 2.656353
0.6268833 -1.670072 2.67383
0.6357639 -1.668946 2.688223
0.6403737 -1.665785 2.696392
0.6294439 -1.654217 2.677889
0.6294439 -1.648652 2.677889
0.6294439 -1.643087 2.677889
0.6230428 -1.635266 2.667767
0.6126347 -1.618006 2.652658
0.6126347 -1.61244 2.652658
0.6243246 -1.619202 2.669775
0.6243246 -1.613639 2.669775
0.6230428 -1.607454 2.667767
0.6294439 -1.60413 2.677887
0.6268833 -1.597754 2.67383
0.6139715 -1.580249 2.654505
0.6059346 -1.568098 2.643444
0.6059346 -1.562533 2.643444
0.6191747 -1.568485 2.66205
0.6204641 -1.564788 2.663956
0.6204641 -1.559225 2.663956
0.6294439 -1.559617 2.677887
0.6415029 -1.560563 2.698404
0.6369114 -1.552674 2.690262
0.6403692 -1.548912 2.696386
0.6510532 -1.545655 2.716387
0.6479802 -1.539075 2.710375
0.6403692 -1.532216 2.696386
0.6357579 -1.524246 2.688217
0.6357579 -1.518681 2.688217
0.6357579 -1.513115 2.688217
0.643749 -1.51144 2.70241
0.6530492 -1.508338 2.720428
0.6426258 -1.499831 2.700409
0.646935 -1.4947 2.708385
0.6426258 -1.488702 2.700409
0.638062 -1.480925 2.692301
0.6357579 -1.474158 2.688213
0.643749 -1.472488 2.70241
0.643749 -1.466923 2.70241
0.6320164 -1.455358 2.682024
0.6369083 -1.452497 2.690256
0.6403661 -1.448736 2.696383
0.6294439 -1.437232 2.677889
0.6166005 -1.421219 2.658249
0.6126363 -1.412063 2.652655
0.6004353 -1.398048 2.636217
0.5876973 -1.385365 2.620386
0.5774174 -1.375797 2.608538
0.5905797 -1.376384 2.623827
0.6018345 -1.376393 2.638
0.6072757 -1.374339 2.645285
0.6204641 -1.381231 2.663956
0.6204641 -1.375669 2.663956
0.6099613 -1.359653 2.648966
0.6045918 -1.350074 2.641607
0.6045918 -1.34451 2.641607
0.6112995 -1.344067 2.650808
0.6072757 -1.335387 2.645285
0.6204641 -1.342295 2.663956
0.6126363 -1.328574 2.652655
0.6204655 -1.33117 2.663956
0.6204655 -1.325608 2.663956
0.6178868 -1.316642 2.660151
0.6178868 -1.311076 2.660151
0.6126378 -1.300743 2.652655
0.6126378 -1.295177 2.652655
0.5990345 -1.280585 2.634436
0.5976353 -1.274417 2.632654
0.5976353 -1.268852 2.632654
0.59202 -1.260596 2.625546
0.584795 -1.249981 2.616959
0.5891392 -1.247342 2.622107
0.5962346 -1.245964 2.630875
0.6032352 -1.243443 2.639782
0.6032352 -1.237879 2.639782
0.6113012 -1.238313 2.650808
0.6204655 -1.242173 2.663958
0.6320164 -1.24388 2.682016
0.6369023 -1.241013 2.690247
0.6369023 -1.235448 2.690247
0.6307285 -1.22644 2.679943
0.6415029 -1.226685 2.698404
0.6357486 -1.21815 2.688202
0.643749 -1.216515 2.70241
0.643749 -1.210951 2.70241
0.643749 -1.205386 2.70241
0.643749 -1.199821 2.70241
0.643749 -1.194257 2.70241
0.6510532 -1.189519 2.716387
0.6560185 -1.187875 2.726503
0.6500537 -1.177507 2.714367
0.6490269 -1.171668 2.712366
0.6479816 -1.166245 2.710375
0.646935 -1.160824 2.708385
0.6415029 -1.154346 2.698404
0.6415029 -1.148781 2.698404
0.6368992 -1.140836 2.690243
0.6368992 -1.135271 2.690243
0.624326 -1.124099 2.669781
0.6357458 -1.123539 2.688198
0.6357458 -1.117974 2.688198
0.6368978 -1.113009 2.690241
0.6368978 -1.107444 2.690241
0.643749 -1.105223 2.70241
0.6500537 -1.099603 2.714367
0.6500537 -1.094038 2.714367
0.6520512 -1.090192 2.718409
0.6616247 -1.092741 2.738863
0.6634374 -1.088835 2.743017
0.662534 -1.082484 2.740938
0.668607 -1.084188 2.755617
0.6677632 -1.077588 2.75351
0.6702244 -1.074237 2.759878
0.6643407 -1.061797 2.745092
0.6598027 -1.052029 2.734711
0.6588657 -1.045638 2.732653
0.6588657 -1.040072 2.732653
0.6530492 -1.02973 2.720428
0.6479802 -1.021565 2.710375
0.6479816 -1.016001 2.710375
0.6479816 -1.010436 2.710375
0.6415029 -1.004101 2.698404
0.6426258 -0.999016 2.700409
0.6500537 -0.9938748 2.714367
0.6500537 -0.9883106 2.714367
0.643749 -0.9828013 2.70241
0.6530492 -0.9796435 2.720428
0.6560185 -0.976396 2.726503
0.6560185 -0.9708306 2.726503
0.6560185 -0.9652656 2.726503
0.6500537 -0.9549226 2.714367
0.6500537 -0.9493582 2.714367
0.6391971 -0.9416847 2.694317
0.6479802 -0.9380963 2.710375
0.6479802 -0.9325314 2.710375
0.643749 -0.9271553 2.70241
0.6490269 -0.9212599 2.712366
0.6458881 -0.9161229 2.7064
0.6368902 -0.9070904 2.690231
0.6368902 -0.9015248 2.690231
0.6403477 -0.8977629 2.69636
0.6307285 -0.8869627 2.679932
0.6426258 -0.8877236 2.700409
0.6490269 -0.8823077 2.712366
0.6530492 -0.8794697 2.720428
0.6458881 -0.8716065 2.7064
0.6368902 -0.8625672 2.690231
0.6368885 -0.8570021 2.690231
0.646935 -0.8547694 2.708385
0.6403463 -0.8476745 2.696356
0.6426258 -0.8432064 2.700409
0.632015 -0.8320549 2.682001
0.6204669 -0.8194368 2.663958
0.6204669 -0.8138748 2.663958
0.6178882 -0.8045822 2.660151
0.6307285 -0.8090499 2.679928
0.6268864 -0.8022515 2.673843
0.6153126 -0.7855132 2.656351
0.6018345 -0.7698393 2.638002
0.6153126 -0.7743813 2.656351
0.6153126 -0.7688153 2.656351
0.6153126 -0.7632492 2.656351
0.6217563 -0.765679 2.665865
0.6217563 -0.7601165 2.665865
0.6126409 -0.7441419 2.652655
0.6018345 -0.7308864 2.638002
0.613976 -0.7342145 2.654501
0.6072757 -0.7232789 2.64529
0.6191776 -0.7285746 2.662054
0.6294467 -0.7307371 2.677898
0.6294467 -0.725174 2.677898
0.6380374 -0.7240343 2.692266
0.643749 -0.7212643 2.70241
0.643749 -0.7156999 2.70241
0.638036 -0.7073378 2.692266
0.6294467 -0.6973591 2.677898
0.6191776 -0.6840762 2.662054
0.6191776 -0.6785138 2.662054
0.6139774 -0.6674226 2.654501
0.6256077 -0.6739015 2.671816
0.638036 -0.6739456 2.692263
0.6380346 -0.6683804 2.692263
0.6380346 -0.662815 2.692263
0.6333013 -0.654712 2.684067
0.6345768 -0.6498806 2.686136
0.6345768 -0.6443154 2.686136
0.6357288 -0.6393511 2.688177
0.6458881 -0.6378924 2.7064
0.6368809 -0.6288213 2.690218
0.6243274 -0.6178703 2.66979
0.6368809 -0.6176907 2.690218
0.6403387 -0.6139288 2.696346
0.643749 -0.6099719 2.70241
0.6530492 -0.606774 2.720428
0.6479802 -0.5986544 2.710375
0.6479802 -0.5930897 2.710375
0.6479802 -0.5875252 2.710375
0.639185 -0.579935 2.694302
0.640337 -0.574971 2.696344
0.640337 -0.5694055 2.696344
0.640337 -0.5638406 2.696344
0.6490269 -0.5595598 2.712366
0.6520512 -0.5559319 2.718409
0.646935 -0.5487156 2.708385
0.646935 -0.5431509 2.708385
0.6458881 -0.5377293 2.7064
0.6458881 -0.5321646 2.7064
0.6380298 -0.5236805 2.692257
0.6458881 -0.5210352 2.7064
0.6414876 -0.514353 2.698385
0.6332996 -0.5044516 2.684061
0.6368778 -0.5008177 2.690212
0.6368778 -0.4952524 2.690212
0.6479802 -0.4929265 2.710375
0.6550465 -0.4914156 2.724466
0.6530492 -0.4843395 2.720428
0.643749 -0.4764213 2.70241
0.6357243 -0.4668244 2.688171
0.6357229 -0.4612592 2.688171
0.6448429 -0.4599674 2.704409
0.6458881 -0.4542598 2.7064
0.6490269 -0.4482675 2.712366
0.6490269 -0.4427029 2.712366
0.6458881 -0.4375662 2.7064
0.646935 -0.4318586 2.708385
0.646935 -0.4262943 2.708385
0.6426258 -0.4202955 2.700409
0.643749 -0.4152105 2.70241
0.6357212 -0.4056053 2.688168
0.6414831 -0.4030457 2.69838
0.6458881 -0.3986139 2.7064
0.6458881 -0.3930491 2.7064
0.640331 -0.3857483 2.696337
0.6479802 -0.3816341 2.710375
0.6490269 -0.3759275 2.712366
0.6490269 -0.3703628 2.712366
0.646935 -0.3650833 2.708385
0.646935 -0.3595186 2.708385
0.6403294 -0.352356 2.696335
0.6490269 -0.3481043 2.712366
0.6530492 -0.3452091 2.720428
0.6530492 -0.3396444 2.720428
0.646935 -0.3316954 2.708385
0.6403294 -0.3245289 2.696335
0.6403294 -0.3189633 2.696335
0.6391759 -0.3127972 2.69429
0.6448429 -0.3097227 2.704409
0.6490269 -0.3035875 2.712366
0.6448429 -0.2985935 2.704409
0.6448429 -0.2930288 2.704409
0.6380222 -0.2843691 2.692247
0.6320119 -0.2755342 2.681982
0.6243291 -0.2674044 2.669794
0.6243291 -0.261841 2.669794
0.6294498 -0.2578861 2.677904
0.6294498 -0.2523232 2.677904
0.6294498 -0.2467604 2.677904
0.6380208 -0.2454115 2.692245
0.6391728 -0.240447 2.694286
0.6345632 -0.2324772 2.686117
0.6268895 -0.2237043 2.673849
0.6320119 -0.2198822 2.681978
0.6256092 -0.2121765 2.671824
0.6268895 -0.2070158 2.673853
0.6281698 -0.2018543 2.675879
0.6368673 -0.2002874 2.690201
0.6380193 -0.195323 2.692242
0.6479802 -0.1924372 2.710375
0.6550465 -0.1908943 2.724466
0.6550465 -0.1853289 2.724466
0.6520512 -0.1774981 2.718409
0.6510532 -0.1711773 2.716387
0.6426258 -0.1643234 2.700409
0.6320119 -0.1530998 2.681976
0.6320119 -0.1475348 2.681976
0.6320119 -0.1419693 2.681976
0.6320119 -0.136404 2.681976
0.6320119 -0.1308392 2.681976
0.6320119 -0.1252737 2.681976
0.6332982 -0.1204525 2.684046
0.6332982 -0.1148872 2.684046
0.6357121 -0.1106403 2.688152
0.6332982 -0.1037567 2.684046
0.6332982 -0.09819183 2.684046
0.6320119 -0.09188252 2.681973
0.6307302 -0.08583679 2.679934
0.6256092 -0.07866573 2.671825
0.6217594 -0.07038879 2.665869
0.6332982 -0.07036572 2.684046
0.6448429 -0.07044411 2.704409
0.6448429 -0.0648798 2.704409
0.6332982 -0.05366993 2.684046
0.6320102 -0.04736099 2.681973
0.6294498 -0.04093075 2.677908
0.6268895 -0.03456421 2.673853
0.6139805 -0.01619911 2.654497
0.62047 -0.01846237 2.663961
0.6268895 -0.01787529 2.673853
0.6256108 -0.01191025 2.671825
0.6153157 0.004860878 2.656347
0.62047 0.003786278 2.663965
0.62047 0.009348678 2.663965
0.6086156 0.02694149 2.647135
0.6004353 0.03764744 2.636225
0.5877018 0.05020981 2.620388
0.5891423 0.05471134 2.62211
0.5818517 0.06403618 2.613596
0.5948353 0.06232205 2.629095
0.6032352 0.06426354 2.639788
0.6072743 0.06689739 2.645294
0.6072743 0.07246151 2.645294
0.6045902 0.08003312 2.641617
0.596236 0.08954144 2.630877
0.5833302 0.1024963 2.61528
0.5682545 0.1126282 2.598577
0.5788944 0.1151089 2.610229
0.5682545 0.1237579 2.598577
0.5682545 0.1293228 2.598577
0.5682545 0.1348879 2.598577
0.5713735 0.1396742 2.60187
0.5557377 0.1456718 2.585699
0.5573125 0.1520605 2.587246
0.5412068 0.1600845 2.57196
0.5242405 0.1668984 2.557344
0.5242405 0.1724636 2.557344
0.5328281 0.1771273 2.564495
0.5345235 0.1826939 2.565994
0.5276814 0.1887032 2.560175
0.5276814 0.1942686 2.560175
0.5173497 0.2024162 2.551798
0.499439 0.2119961 2.53854
0.499439 0.2175627 2.53854
0.5049031 0.2228184 2.542358
0.4884739 0.2285442 2.530977
0.4789891 0.2276184 2.524858
0.4713109 0.2320606 2.520266
0.4636204 0.2372095 2.515718
0.4636204 0.2427715 2.515718
0.4770787 0.249119 2.523678
0.4846928 0.2595558 2.52853
0.4921558 0.2680762 2.533449
0.4789891 0.2665649 2.524858
0.4846928 0.2762472 2.52853
0.5030828 0.2841538 2.541088
0.5208073 0.284322 2.554529
0.506722 0.2950834 2.543655
0.4976201 0.3011639 2.537271
0.4808903 0.3013201 2.526083
0.4808903 0.3068838 2.526083
0.4884784 0.3176445 2.530977
0.4751561 0.315757 2.522539
0.4674656 0.3208302 2.51799
0.4523106 0.3311438 2.509424
0.4693882 0.3320797 2.519129
0.4598196 0.3383225 2.51355
0.4541905 0.3469399 2.510454
0.4442234 0.352977 2.505243
0.4255071 0.3577088 2.496008
0.4255085 0.3632763 2.496008
0.4255085 0.3688439 2.496008
0.4234776 0.3744457 2.495113
0.409261 0.3802519 2.488832
0.409261 0.3858193 2.488832
0.409261 0.3913868 2.488832
0.4031713 0.397102 2.486145
0.4031713 0.4026655 2.486145
0.4031713 0.4082283 2.486145
0.4092624 0.413657 2.488832
0.394753 0.4210987 2.482798
0.394753 0.4266659 2.482798
0.3796985 0.4349552 2.477097
0.3969243 0.437204 2.483633
0.3969243 0.4427712 2.483633
0.3838902 0.4519176 2.478613
0.3990865 0.4535374 2.484467
0.4011769 0.4589695 2.485302
0.411298 0.4637308 2.489733
0.411298 0.4692982 2.489737
0.3969243 0.4761744 2.483633
0.3796985 0.4850504 2.477097
0.3838887 0.490888 2.478613
0.367542 0.4922775 2.472849
0.3551152 0.4962103 2.468847
0.3551152 0.5017765 2.468847
0.3331699 0.5052586 2.462627
0.3155308 0.516523 2.45837
0.3221958 0.5206332 2.459845
0.3221958 0.5262005 2.459845
0.3043568 0.534816 2.455996
0.2817388 0.5396681 2.45199
0.2750738 0.5451996 2.451065
0.2568455 0.5529507 2.448914
0.2773426 0.5560963 2.451336
0.2953358 0.5626833 2.454302
0.3132954 0.5669331 2.457897
0.3132954 0.5724985 2.457897
0.3221958 0.5763049 2.459845
0.3442066 0.5778343 2.465668
0.3654745 0.5866272 2.472179
0.3442051 0.5889649 2.465668
0.3530033 0.5961494 2.468197
0.3654759 0.6033263 2.472179
0.3817508 0.6135855 2.477816
0.3613393 0.6139042 2.470842
0.3797002 0.6242031 2.477097
0.3797002 0.6297695 2.477097
0.3695805 0.6319937 2.473547
0.3817508 0.6414242 2.477816
0.3969181 0.6431906 2.483629
0.3969181 0.6487574 2.483629
0.3947453 0.6549214 2.482794
0.3969181 0.6598919 2.483629
0.4133441 0.6641285 2.490646
0.3947453 0.6716227 2.482794
0.3947453 0.67719 2.482794
0.3756535 0.6840937 2.475677
0.3756535 0.6896603 2.475677
0.3882267 0.6956816 2.480286
0.3882267 0.7012483 2.480286
0.3756535 0.7063587 2.475677
0.3654759 0.7090859 2.472179
0.3654759 0.7146522 2.472179
0.3592718 0.7193863 2.470175
0.3592718 0.7249529 2.470175
0.3716054 0.7328522 2.474258
0.3592718 0.7360851 2.470175
0.3485997 0.7400374 2.466934
0.3485997 0.7456024 2.466934
0.3592718 0.7527844 2.470175
0.3572042 0.7580733 2.469509
0.3572042 0.7636396 2.469509
0.3507969 0.7682682 2.467566
0.3331761 0.7724819 2.462631
0.3177648 0.7833549 2.458849
0.3177648 0.7889206 2.458849
0.3132954 0.795125 2.457901
0.3331761 0.7947504 2.462631
0.3155308 0.805937 2.458376
0.3353717 0.8050365 2.46319
0.3572042 0.8137364 2.469509
0.3592718 0.8195797 2.470179
0.3592718 0.8251465 2.470179
0.3613408 0.8309898 2.470846
0.3507955 0.8350517 2.467566
0.3485966 0.8402126 2.466934
0.3485966 0.8457777 2.466934
0.3375995 0.8493189 2.46377
0.3177648 0.8612742 2.458853
0.3177648 0.8668398 2.458853
0.2976048 0.8745522 2.454693
0.2794926 0.8791189 2.45163
0.2750156 0.8849362 2.451067
0.2613437 0.8921421 2.449453
0.2480214 0.8985184 2.448141
0.2480199 0.9040842 2.448141
0.2374959 0.9084646 2.44747
0.2328708 0.9143991 2.447252
0.2417042 0.9200708 2.447739
0.2417028 0.9256365 2.447739
0.222611 0.9342923 2.446951
0.2328708 0.9366619 2.447252
0.2328708 0.942228 2.447252
0.2522571 0.9489336 2.448421
0.2727253 0.9520424 2.4508
0.2953389 0.9579307 2.454309
0.3132954 0.9620943 2.457903
0.31106 0.9679791 2.457428
0.3265951 0.9698763 2.460962
0.3065908 0.9797489 2.456476
0.2885396 0.9853908 2.453156
0.2908056 0.9910826 2.453539
0.290807 0.996649 2.453539
0.2976048 1.00259 2.454697
0.3199985 1.005662 2.45933
0.3419926 1.005957 2.465036
0.3419926 1.011522 2.465036
0.3222051 1.021677 2.459848
0.3088262 1.029521 2.456951
0.3309865 1.029419 2.462076
0.3309865 1.034986 2.462076
0.3309865 1.040553 2.462076
0.3507879 1.046533 2.467569
0.365479 1.054197 2.472183
0.365479 1.059763 2.472183
0.3776815 1.068825 2.476389
0.3882177 1.074251 2.480282
0.3882177 1.079818 2.480282
0.3695867 1.08285 2.473551
0.3797061 1.091758 2.477098
0.4011967 1.09316 2.4853
0.4113452 1.098431 2.489777
0.4255619 1.10376 2.496058
0.4441807 1.110141 2.505236
0.4523199 1.115646 2.50943
0.4523199 1.121209 2.50943
0.4523199 1.126772 2.50943
0.4674656 1.127526 2.517996
0.4560719 1.135862 2.511492
0.4400303 1.143293 2.50313
0.4400303 1.14886 2.50313
0.4541967 1.153569 2.510462
0.4541967 1.159132 2.510462
0.4462514 1.165941 2.506289
0.4317327 1.170624 2.498917
0.4358799 1.176445 2.501022
0.4358799 1.182011 2.501022
0.4338048 1.187453 2.499969
0.4441762 1.193652 2.505236
0.4441762 1.19922 2.505236
0.4616992 1.199563 2.514589
0.4770787 1.206027 2.523684
0.4958272 1.219741 2.536037
0.5067539 1.224686 2.543676
0.5225484 1.22459 2.555964
0.5259893 1.229698 2.558792
0.5138218 1.238648 2.549088
0.5120609 1.244968 2.547729
0.5120609 1.250532 2.547729
0.5103002 1.256852 2.546373
0.5155828 1.260143 2.550442
0.5208287 1.263778 2.554552
0.5259907 1.268657 2.558792
0.5103002 1.279104 2.546373
0.5225499 1.280246 2.555965
0.5085392 1.290987 2.545015
0.5085392 1.29655 2.545015
0.4976506 1.303135 2.537317
0.4976506 1.308701 2.537317
0.486594 1.31248 2.529764
0.4713109 1.311364 2.520273
0.4713109 1.316928 2.520273
0.4713109 1.322491 2.520273
0.4789891 1.329243 2.524872
0.486594 1.340299 2.529764
0.486594 1.345862 2.529764
0.5012944 1.353027 2.539865
0.5173435 1.353956 2.5518
0.5277135 1.357478 2.560207
0.5361836 1.362285 2.567486
0.5361836 1.367849 2.567486
0.5361836 1.373414 2.567486
0.5525854 1.373803 2.582605
0.5635822 1.38261 2.593643
0.5788929 1.383912 2.610235
0.5698202 1.392182 2.600225
0.5818501 1.394053 2.613602
